0.000000 0.430650 -0.011781 0.180999 0.347008 -0.083269 0.021877 0.104642 0.003529 -0.007444 -0.005722 -0.033877 -0.050321 
0.000000 0.441278 -0.022941 0.180571 0.355602 -0.085368 0.023396 0.110060 0.002252 0.000565 -0.007170 -0.045264 -0.054751 
0.000000 0.423609 0.089200 0.236103 0.164608 -0.115509 0.016029 0.160032 -0.039172 0.205343 -0.141019 0.108289 -0.235361 
0.000000 0.467550 0.077046 0.170674 0.151599 -0.127555 0.060862 0.177375 -0.062951 0.156174 -0.122327 0.132253 -0.210178 
0.000000 0.391712 0.207892 0.166695 0.004239 -0.016704 0.014516 0.250500 -0.048857 0.110706 -0.054807 0.045776 -0.192913 
0.000000 0.352714 0.233472 0.274834 0.008364 -0.061081 0.042918 0.168671 -0.003320 0.063256 -0.074547 0.033996 -0.161138 
0.000000 0.368658 0.197781 0.233942 0.032923 0.056830 -0.010216 0.193958 -0.008207 0.030023 -0.038169 -0.048794 -0.125548 
0.000000 0.349197 0.129408 0.282729 0.013971 0.200222 -0.055845 0.197674 -0.014892 0.003022 -0.085900 -0.002208 -0.147776 
0.000000 0.354437 0.053680 0.264634 0.074020 0.234741 -0.023995 0.180420 0.051045 0.009128 -0.133053 -0.009263 -0.181535 
0.000000 0.353146 0.138665 0.245756 -0.081890 0.384008 -0.237187 0.249599 0.008934 0.013112 -0.117106 0.049486 -0.140064 
0.000000 0.367896 0.089007 0.277503 -0.106070 0.365507 -0.204012 0.323290 0.002454 -0.015315 -0.165155 0.037939 -0.101123 
0.000000 0.351306 0.181015 0.201424 -0.012733 0.333440 -0.152107 0.126300 -0.087750 0.056590 -0.036680 0.023394 -0.111207 
0.000000 0.318448 0.253349 0.129621 0.049839 0.300272 -0.112965 0.118201 -0.089681 -0.020607 -0.003463 0.009086 -0.077286 
0.000000 0.422350 0.143585 0.002838 0.189545 0.197441 -0.016289 0.171230 -0.163793 0.061654 -0.037957 -0.043374 -0.038463 
0.000000 0.310872 0.320339 -0.101829 0.367474 0.121590 -0.061385 0.103492 -0.112417 -0.005602 0.090179 -0.064073 -0.085401 
0.000000 0.336146 0.261212 -0.200149 0.487391 0.070144 -0.165982 0.262432 -0.005957 -0.063762 0.143261 -0.090507 -0.134273 
0.000000 0.352771 0.250155 -0.219030 0.583556 0.042246 -0.121305 0.160431 0.004478 -0.035934 0.043969 0.040766 -0.209597 
0.000000 0.350213 0.241759 -0.095123 0.441662 -0.012863 -0.057224 0.078231 0.061909 -0.008715 -0.033174 0.065344 -0.155351 
0.000000 0.368085 0.226060 -0.087659 0.377300 0.016349 -0.085068 0.169410 0.027065 0.012254 0.028720 -0.049768 -0.126538 
0.000000 0.370979 0.261618 0.001706 0.224944 -0.022578 0.081816 0.066137 0.008149 -0.002864 -0.066316 0.017068 -0.058160 
0.000000 0.477803 0.176405 0.059800 0.169430 -0.103124 0.139594 0.054314 0.076593 -0.070438 -0.070156 0.007157 -0.024633 
0.000000 0.542616 0.201926 -0.008382 0.132517 -0.048229 0.155522 -0.022866 0.087125 -0.091091 -0.154053 0.127693 -0.042531 
0.000000 0.521606 0.146003 0.103440 -0.011509 0.105187 0.115765 0.006073 0.075282 -0.055035 -0.091689 -0.002121 -0.030413 
0.000000 0.471406 0.149830 0.116714 -0.044566 0.292447 -0.029506 0.120417 0.086779 -0.114477 -0.029666 -0.059149 -0.085847 
0.000000 0.444789 0.225823 0.109223 -0.055503 0.182548 0.039985 0.077653 0.023824 -0.095602 0.023318 -0.057101 -0.047495 
0.000000 0.482097 0.200576 0.150353 -0.030799 0.122567 0.016531 0.055122 0.017234 -0.045086 0.123611 -0.153239 -0.052949 
0.000000 0.522996 0.184190 0.117778 0.020014 0.037494 0.045822 0.082241 -0.044381 -0.006588 0.026902 -0.047660 -0.049764 
0.000000 0.561735 0.085230 0.113436 0.149266 -0.055490 0.101612 0.034704 -0.034490 0.003231 0.001047 -0.035763 -0.022177 
0.000000 0.497436 0.102662 0.116993 0.120380 0.014979 0.065405 0.044499 0.004842 0.021558 0.010430 -0.005973 -0.088246 
0.000000 0.454643 0.123827 0.106279 0.109973 0.030692 0.042038 0.027728 0.018206 0.048859 -0.020869 0.006807 -0.045185 
0.000000 0.530484 0.079080 -0.001454 0.059082 0.128658 0.069502 -0.033573 -0.000228 0.082572 -0.058058 0.102397 -0.023170 
0.000000 0.468050 0.112115 -0.017372 0.021459 0.193608 0.084004 -0.044775 -0.060690 0.192063 -0.092397 0.060475 0.027063 
0.000000 0.562842 0.061544 0.018652 0.007647 0.196672 0.094739 -0.032995 -0.114116 0.172385 -0.096187 0.072288 0.001842 
0.000000 0.504032 0.116392 -0.057479 0.023940 0.233754 0.104095 0.062732 -0.125774 0.098733 0.022878 -0.053278 0.010991 
0.000000 0.441543 0.129744 0.007747 0.076171 0.188104 0.012129 0.081416 -0.080183 0.097989 -0.004769 -0.059600 0.045758 
0.000000 0.536562 0.087356 -0.000885 0.041964 0.190397 0.014969 0.138462 -0.067874 -0.004627 0.005868 -0.049993 0.050654 
0.000000 0.439106 0.167887 -0.043704 0.122365 0.138175 0.048641 0.022759 -0.001507 -0.027846 -0.026011 0.045715 0.052846 
0.000000 0.533147 0.151718 -0.055114 0.102107 0.058134 0.044424 -0.006090 0.024904 -0.018574 -0.056643 0.094701 0.068082 
0.000000 0.581712 0.106913 -0.105832 0.104723 0.007285 0.211713 -0.135761 0.059931 0.031492 -0.053298 0.121108 0.019404 
0.000000 0.530107 0.157333 -0.091609 0.048676 0.009551 0.204186 -0.137134 0.081423 0.041467 -0.024239 0.140914 -0.008230 
0.000000 0.614783 0.040308 -0.064018 -0.063796 0.061300 0.238246 -0.163224 0.092335 0.043548 0.070271 0.065763 0.030530 
0.000000 0.613934 -0.056504 0.049808 -0.083198 0.051378 0.340124 -0.144674 0.002870 0.052204 0.095038 0.083687 -0.041618 
0.000000 0.724057 -0.151487 0.100380 -0.091748 0.082731 0.248464 -0.104724 0.034462 -0.006981 0.077325 0.094285 -0.050858 
0.000000 0.863039 -0.298924 0.176458 -0.173290 0.153233 0.198203 -0.004107 -0.072202 0.060522 0.064478 -0.002595 -0.012944 
0.000000 0.784219 -0.200590 0.170704 -0.158869 0.172457 0.180282 0.018642 -0.041212 -0.021232 0.098598 -0.058947 0.000993 
0.000000 0.908028 -0.262734 0.142762 -0.167794 0.166927 0.100878 0.099520 -0.032895 -0.048007 0.050383 -0.006663 -0.000029 
0.000000 0.772554 -0.232025 0.087776 -0.073697 0.154571 0.165541 0.103505 -0.002013 -0.043328 0.056364 -0.007339 -0.027893 
0.000000 0.895066 -0.335867 0.128498 -0.011103 0.093727 0.152784 0.016702 0.074921 -0.143243 0.113981 -0.023183 -0.016791 
0.000000 0.992170 -0.465774 0.061867 0.103883 -0.054643 0.186695 0.059420 -0.005396 -0.009969 0.066868 0.079481 -0.057452 
0.000000 0.963182 -0.438478 0.073197 0.116022 -0.089814 0.167174 0.086901 -0.006689 -0.016337 0.042877 0.074502 -0.014751 
0.000000 1.178946 -0.657958 0.192267 0.009132 0.087182 -0.150367 0.364795 -0.224344 0.099743 0.056248 0.011603 -0.004958 
0.000000 1.244768 -0.650500 0.172800 -0.036625 0.206956 -0.268347 0.430075 -0.292610 0.145543 -0.018574 0.040788 -0.018752 
0.000000 1.603911 -1.180371 0.513893 -0.013008 -0.085354 0.097636 -0.017353 -0.024424 0.109269 -0.181179 0.170080 -0.031138 
0.000000 1.577374 -1.053959 0.442176 -0.152952 0.161779 -0.023852 -0.046963 -0.007969 0.146690 -0.212027 0.187957 -0.055372 
0.000000 1.134976 -0.190672 -0.129513 -0.048424 0.178276 -0.006570 -0.010921 -0.029989 -0.023232 0.006397 0.069123 -0.012209 
0.000000 0.668934 0.029440 -0.057899 0.176924 -0.064311 0.094790 0.159646 -0.135560 0.005897 0.148283 -0.066037 -0.083246 
0.000000 0.322682 0.148659 0.145517 0.099786 0.239283 -0.029096 0.069864 0.162090 -0.185509 0.084311 -0.155885 -0.047147 
0.000000 0.281596 0.111064 0.160085 0.120174 0.274287 0.046859 0.122491 0.123651 -0.198228 0.036731 -0.169445 -0.062301 
0.000000 0.111526 0.224912 0.143346 0.258393 0.226391 0.161229 0.031497 0.086235 -0.226681 -0.051255 -0.127369 0.008851 
0.000000 0.080869 0.253267 0.192667 0.286645 0.248913 0.151650 -0.041937 0.000754 -0.267722 -0.065355 -0.061726 0.087040 
