0.210885 0 0 0 0 
0.0347415 0.00783684 0 0 0 
0.00139738 0.000863149 8.4006e-005 0 0 
0.000143788 7.40538e-005 4.26943e-005 2.79732e-006 0 
9.82592e-006 1.58512e-005 2.74306e-006 1.30724e-006 2.05916e-008 
9.59491e-008 1.40744e-035 5.97378e-036 4.38057e-009 1.84145e-009 
9.87303e-009 1.62783e-009 1.22667e-036 4.62863e-010 4.58098e-011 
1.01592e-009 2.62452e-010 6.22632e-011 4.89073e-011 2.31182e-012 
1.67364e-010 7.12853e-011 8.67411e-012 1.51864e-011 2.19498e-012 
1.1437e-011 1.64105e-011 1.31849e-012 1.44139e-012 1.94702e-013 
7.81561e-013 2.69991e-012 2.75868e-013 1.49359e-013 1.79649e-014 
5.71918e-014 3.12622e-013 2.38989e-013 1.4777e-014 1.06946e-015 
4.18509e-015 3.51639e-014 6.9889e-014 5.63403e-015 8.97245e-017 
3.0625e-016 3.88542e-015 1.66303e-014 1.72968e-015 2.69837e-017 
2.24103e-017 4.24467e-016 3.65386e-015 4.35911e-016 8.27138e-018 
1.63991e-018 4.60282e-017 7.73744e-016 9.92693e-017 2.11796e-018 
1.68744e-019 2.71259e-018 9.09157e-017 3.6254e-017 3.64817e-019 
1.23481e-020 2.9494e-019 1.87211e-017 4.05891e-018 1.68806e-019 
1.2706e-021 1.7413e-020 2.16844e-018 1.05227e-018 1.63139e-020 
1.30743e-022 1.03724e-021 2.50525e-019 1.83393e-019 3.76282e-021 
1.34533e-023 6.2719e-023 2.89066e-020 2.772e-020 6.71424e-022 
1.38432e-024 3.88657e-024 3.33318e-021 3.89153e-021 1.03232e-022 
1.08142e-054 2.83512e-026 2.49779e-023 3.97889e-051 2.44899e-024 
1.11277e-055 1.65369e-027 2.87918e-024 8.31741e-025 4.16262e-026 
1.14502e-056 9.64579e-029 3.31819e-025 1.83758e-025 3.46258e-027 
1.17821e-057 5.62628e-030 3.82377e-026 3.04656e-026 6.67531e-028 
1.21237e-058 3.28174e-031 4.40618e-027 4.49236e-027 1.1226e-028 
1.24751e-059 1.9142e-032 5.07717e-028 6.21396e-028 1.67885e-029 
1.28367e-060 1.11653e-033 5.85027e-029 8.25649e-029 2.34366e-030 
1.32088e-061 6.51261e-035 6.74105e-030 1.06721e-029 3.13322e-031 
1.35916e-062 3.79873e-036 7.76744e-031 1.35211e-030 4.06758e-032 
1.39856e-063 2.21575e-037 8.95009e-032 1.68733e-031 5.1701e-033 
1.4391e-064 1.29242e-038 1.03128e-032 2.08091e-032 6.46786e-034 
1.48081e-065 7.53856e-040 1.1883e-033 2.54215e-033 7.99212e-035 
1.08361e-066 8.051e-041 2.42292e-034 1.82394e-034 1.30714e-035 
1.11502e-067 4.69606e-042 2.79182e-035 2.73403e-035 8.26336e-037 
1.45174e-069 4.33876e-043 3.68336e-036 2.68516e-036 5.58686e-038 
1.13409e-099 3.26394e-073 2.74878e-066 3.09646e-066 5.79145e-067 
1.16696e-100 1.90382e-074 3.1673e-067 4.18713e-067 2.01006e-068 
1.20079e-101 1.11048e-075 3.64954e-068 5.47891e-068 1.72859e-069 
1.23559e-102 6.47728e-077 4.2052e-069 7.00443e-069 2.10864e-070 
1.27141e-103 3.77812e-078 4.84547e-070 8.80136e-070 2.67855e-071 
9.93212e-134 2.84219e-108 3.61603e-100 8.31562e-100 1.98304e-100 
1.022e-134 1.65782e-109 4.16659e-101 9.99061e-101 6.12508e-102 
7.9838e-165 1.24714e-139 3.1094e-131 9.10086e-131 2.55945e-131 
5.84226e-166 1.33191e-140 6.34001e-132 6.30407e-132 9.84453e-133 
4.27516e-167 1.42245e-141 1.29272e-132 5.19176e-133 5.02785e-134 
4.39908e-168 8.29699e-143 1.48954e-133 9.79037e-134 2.57431e-135 
4.52659e-169 4.83954e-144 1.71633e-134 1.53048e-134 3.68051e-136 
5.89357e-171 4.47132e-145 2.26442e-135 1.53907e-135 3.04166e-137 
2.47372e-172 3.36367e-175 8.56127e-137 6.01394e-138 3.30345e-166 
2.54542e-173 4.21644e-174 9.86477e-138 3.48627e-138 1.99205e-140 
2.61921e-174 6.77787e-175 1.13667e-138 6.96856e-139 1.18864e-140 
3.41018e-176 1.33008e-175 1.49966e-139 7.83938e-140 1.3407e-141 
3.50903e-177 8.33676e-177 1.72799e-140 1.3277e-140 2.82458e-142 
3.61074e-178 5.45806e-178 1.99108e-141 1.97829e-141 4.87796e-143 
1.06551e-179 4.3019e-180 6.50549e-144 1.34615e-142 9.25125e-144 
1.0964e-180 4.31695e-181 7.49599e-145 1.44404e-143 6.03141e-145 
1.12818e-181 4.37813e-182 8.6373e-146 1.55077e-144 5.80838e-146 
8.2556e-183 8.18023e-183 1.76113e-146 9.86805e-146 8.18582e-147 
