7.73025e-045 1.10671e-190 0 1.44232e-318 1.00962e-317 
5.56578e-044 1.24504e-160 3.92891e-316 3.63447e-316 1.8678e-316 
4.00736e-043 1.40067e-130 2.46816e-316 4.58373e-316 1.72771e-315 
1.44265e-042 1.57576e-100 3.94487e-315 2.46816e-286 1.72771e-285 
1.03871e-041 1.77273e-070 2.82664e-285 3.94487e-285 1.06542e-284 
3.73935e-041 1.99432e-040 1.52203e-255 2.82664e-255 1.06542e-254 
1.14992e-040 4.03849e-040 2.81576e-254 1.52203e-225 1.06542e-224 
2.82745e-040 1.02224e-039 5.20916e-253 2.81576e-224 1.97103e-223 
6.55733e-040 2.58756e-039 8.52872e-247 5.20916e-223 3.64641e-222 
1.22808e-039 6.54975e-039 9.95006e-217 8.52872e-217 6.74587e-221 
3.36114e-039 1.32632e-038 1.16083e-186 9.95006e-187 6.74587e-191 
6.29486e-039 3.35726e-038 1.3543e-156 1.16083e-156 1.24799e-189 
1.27471e-038 6.79845e-038 1.58002e-126 1.3543e-126 1.24799e-159 
2.58129e-038 1.37669e-037 1.84335e-096 1.58002e-096 1.24799e-129 
6.32415e-098 2.78779e-037 2.15058e-066 1.84335e-066 1.24799e-099 
1.06119e-097 3.79449e-067 2.50901e-036 2.15058e-036 1.24799e-069 
1.4429e-097 5.16472e-067 3.41504e-036 2.92718e-036 1.15439e-068 
1.95317e-097 7.02976e-067 4.64825e-036 3.98421e-036 1.06781e-067 
2.58092e-097 9.56829e-067 6.32678e-036 5.42296e-036 9.87722e-067 
2.9544e-097 1.30235e-066 8.61146e-036 7.38125e-036 9.13643e-066 
2.21662e-125 1.77264e-066 1.17211e-035 1.00467e-035 8.4512e-065 
8.08916e-125 6.55878e-095 1.59538e-035 1.36747e-035 7.81736e-064 
4.2757e-124 4.8535e-094 5.9029e-064 1.11677e-034 7.81736e-034 
3.16402e-123 2.56542e-093 4.36815e-063 5.9029e-034 4.13203e-033 
1.67241e-122 1.89841e-092 2.30888e-062 4.36815e-033 3.0577e-032 
8.83988e-122 1.00345e-091 1.70857e-061 2.30888e-032 1.61621e-031 
4.67251e-121 5.30393e-091 9.03101e-061 1.70857e-031 1.196e-030 
2.16103e-120 2.8035e-090 4.77353e-060 9.03101e-031 6.32171e-030 
1.59917e-119 1.29662e-089 2.52315e-059 4.77353e-030 3.34147e-029 
7.39614e-119 9.59499e-089 1.16696e-058 2.52315e-029 1.76621e-028 
3.42071e-118 4.43768e-088 8.63549e-058 1.16696e-028 8.16871e-028 
1.80809e-117 2.05243e-087 3.99392e-057 8.63549e-028 6.04485e-027 
9.55706e-117 1.08486e-086 1.84719e-056 3.99392e-027 2.79574e-026 
7.07222e-116 5.73423e-086 9.7637e-056 1.84719e-026 1.29303e-025 
1.12261e-113 4.24333e-085 5.16081e-055 9.7637e-026 6.83459e-025 
4.14937e-084 4.66097e-083 3.819e-054 5.16081e-025 3.61257e-024 
1.01575e-110 2.48962e-053 2.20317e-052 3.819e-024 2.6733e-023 
1.21531e-080 1.79115e-082 2.24066e-022 2.20317e-022 1.97824e-022 
8.75025e-080 1.10454e-081 1.61203e-051 2.61411e-022 1.82987e-021 
6.30018e-079 2.0434e-080 9.94086e-051 1.61203e-021 1.12842e-020 
4.53613e-078 4.11761e-077 1.83906e-049 9.94086e-021 6.9586e-020 
4.62073e-078 2.33662e-047 1.83655e-046 1.83906e-019 1.28734e-018 
5.46657e-107 2.77244e-047 2.10295e-016 1.83655e-016 2.38158e-017 
2.14078e-106 1.49596e-076 2.49519e-016 2.45345e-016 2.20296e-016 
7.11101e-106 6.91882e-076 1.34636e-045 2.91106e-016 2.03774e-015 
4.38512e-105 4.26661e-075 6.22694e-045 1.34636e-015 9.42455e-015 
7.13992e-103 2.63107e-074 3.83994e-044 6.22694e-015 4.35886e-014 
4.94605e-102 1.6225e-073 2.36797e-043 3.83994e-014 2.68796e-013 
2.84077e-101 6.00323e-072 1.46025e-042 2.36797e-013 1.65758e-012 
1.71217e-100 2.77649e-071 5.40291e-041 1.46025e-012 1.02217e-011 
7.91879e-100 1.0273e-069 2.49885e-040 5.40291e-011 3.78204e-010 
3.66244e-099 4.75128e-069 9.24573e-039 2.49885e-010 1.74919e-009 
3.49915e-094 2.19747e-068 4.27615e-038 9.24573e-009 6.47201e-008 
4.11441e-064 4.22862e-065 1.97772e-037 4.27615e-008 2.9933e-007 
4.84306e-034 4.71146e-035 3.65878e-036 1.97772e-007 1.3844e-006 
3.4234e-033 1.19259e-034 1.05537e-033 3.65878e-006 2.56115e-005 
0.00410808 3.13006e-061 0.00107333 0.00105537 0.000947624 
0.0295782 3.51166e-031 7.72201e-033 0.00125222 0.00876552 
0.212963 0.395062 1e-030 0.00772201 0.0540541 
1 1 1 1 1 
