1.09968 0.323885 1.06216 2.67381 0.67751 0.531867 1.39975 1.03045 0.36829 0.27003 0.186185 0.0197709 
1.12681 0.297769 1.04402 2.73033 0.708032 0.528402 1.44289 1.07257 0.425051 0.284142 0.172158 0.0168432 
1.0817 0.715884 1.56914 1.81372 0.207473 0.568365 1.67901 0.51207 1.36353 0.13881 0.486171 -0.105472 
1.1939 0.745596 1.26257 1.63088 0.0605081 0.685097 1.73712 0.432823 1.08159 0.127477 0.505524 -0.0989446 
1.00025 1.13876 1.40624 0.799027 0.51963 0.553035 2.04241 0.534819 1.11266 0.365607 0.350122 -0.0903523 
0.900664 1.18303 1.94976 1.02549 0.481108 0.964649 1.67456 0.692565 0.945182 0.292587 0.31375 -0.0665512 
0.941377 1.06323 1.69673 1.05495 1.1739 0.766829 1.93011 0.885 0.812541 0.432591 0.144904 -0.0362499 
0.891683 0.761716 1.79402 0.871165 1.96116 0.708078 1.9533 1.03059 0.622547 0.287582 0.203222 -0.0361477 
0.905064 0.4661 1.56534 1.1152 2.12697 0.917833 1.87208 1.44787 0.803347 0.141574 0.234517 -0.0471237 
0.901767 0.804304 1.62252 0.221204 2.94834 -0.357616 1.91157 1.2349 0.372287 0.329173 0.12278 0.000131991 
0.939432 0.626896 1.71397 0.102939 2.70114 -0.132706 2.28289 1.4188 0.250181 0.143539 0.0829143 0.0287661 
0.897069 0.971158 1.46553 0.623212 2.79138 0.188342 1.44752 0.394639 0.583105 0.432395 0.147198 0.00122365 
0.813165 1.21655 1.15926 0.938735 2.66013 0.362614 1.63105 0.269707 0.372151 0.410245 0.136255 0.0210084 
1.07848 0.931355 0.464585 1.45403 2.04314 0.984949 1.85301 -0.0646181 0.740714 0.23493 0.136028 0.0253165 
0.793819 1.47504 0.0407457 2.60552 1.60036 0.983241 1.23414 0.196443 0.597784 0.575319 0.171023 -0.0217487 
0.858357 1.27118 -0.522736 3.01774 1.31032 0.268394 1.57178 0.98704 0.612625 0.61838 0.164464 -0.0133053 
0.90081 1.24986 -0.609083 3.54852 1.36069 0.763056 0.85685 1.23425 0.664466 0.450662 0.361814 -0.0676548 
0.894278 1.21267 0.0202523 2.91889 0.945076 0.720678 0.70867 1.28425 0.565498 0.212325 0.321274 -0.0397342 
0.939914 1.17553 0.0638402 2.51493 1.05323 0.427308 1.30612 1.04681 0.759804 0.397359 0.170549 -0.0381752 
0.947304 1.32209 0.607143 1.86257 0.691232 1.32408 1.07997 0.864729 0.491267 0.125236 0.196492 0.00201658 
1.22008 1.16253 0.946261 1.65387 0.279487 1.40661 1.12095 1.25547 0.282409 0.102951 0.117924 0.030079 
1.38558 1.39695 0.809886 1.4222 0.566199 1.64149 0.768665 1.2409 0.18178 -0.29724 0.237148 0.0227977 
1.33193 1.12846 1.18986 0.689983 1.23688 1.57854 1.00855 1.21616 0.45028 -0.0107692 0.10389 0.0117313 
1.20375 1.04405 1.16555 0.41721 2.35017 1.01592 1.60435 1.57167 0.210561 0.360086 0.0490677 -0.0226489 
1.13578 1.29932 1.25331 0.452641 1.70025 1.14999 1.35203 1.04096 0.135884 0.402141 0.0370191 -0.000132983 
1.23105 1.26749 1.49138 0.755608 1.49451 1.04408 1.13612 0.908586 0.356566 0.836569 -0.0491263 -0.00565973 
1.33548 1.28416 1.37284 1.03905 1.0452 1.07983 1.30464 0.560721 0.455283 0.431628 0.0919431 0.00245325 
1.4344 0.972278 1.15576 1.66342 0.708148 1.29524 1.12744 0.559544 0.432401 0.349529 0.0983213 0.0207722 
1.27022 0.90578 1.09646 1.39167 0.950072 1.12895 1.05266 0.718925 0.606323 0.427897 0.215607 -0.010067 
1.16094 0.908957 1.01681 1.25333 0.940013 0.924644 0.798886 0.642594 0.669055 0.27688 0.18754 0.0198413 
1.3546 0.879389 0.473311 0.641371 1.24374 1.20046 0.477572 0.318402 0.646089 0.11263 0.365659 0.0628624 
1.19518 0.886843 0.363314 0.348121 1.49364 1.33006 0.4553 -0.0742429 1.02023 0.0748094 0.299379 0.0884587 
1.43723 0.880001 0.591133 0.400508 1.57971 1.5853 0.730508 -0.226402 0.856545 0.0645275 0.307598 0.088555 
1.28706 0.973931 0.230048 0.294049 1.71789 1.63984 1.41051 -0.0504656 0.581811 0.394295 0.134582 0.0843144 
1.12749 0.909145 0.491513 0.76108 1.67333 0.93324 1.16369 0.102963 0.75293 0.350791 0.0503714 0.0888537 
1.37012 0.925473 0.511178 0.565056 1.62477 1.03174 1.60758 0.444448 0.327057 0.273872 0.0356366 0.100714 
1.12127 1.05747 0.305399 0.984974 1.40004 1.13 0.820697 0.475713 0.205218 0.0973146 0.212409 0.109634 
1.3614 1.17569 0.400058 0.914466 0.900003 0.918736 0.510899 0.51041 0.199397 -0.065638 0.245285 0.123609 
1.48542 1.10473 0.115242 0.704516 0.422007 1.81368 0.0709948 0.573981 0.330426 0.0689295 0.33057 0.120535 
1.35364 1.19169 0.217363 0.473762 0.272738 1.63597 -0.0903181 0.673018 0.401907 0.181739 0.42825 0.105929 
1.56986 0.917399 0.200409 -0.318504 0.157893 1.74264 -0.0380079 0.616594 0.450275 0.449843 0.376137 0.14089 
1.5677 0.527956 0.483768 -0.22809 0.153516 2.49873 0.473495 0.181523 0.427031 0.472213 0.420963 0.115369 
1.8489 0.442689 0.614731 -0.113413 0.357707 2.06187 0.645761 0.411157 0.266164 0.358648 0.438885 0.0968198 
2.20379 0.294056 0.696133 -0.373555 0.428736 1.99565 1.39311 0.258429 0.366703 0.433837 0.206486 0.0785366 
2.00252 0.427757 0.913302 -0.208779 0.766243 2.03148 1.41246 0.559848 0.194651 0.45224 0.119271 0.0558897 
2.31867 0.598256 0.806278 -0.311848 0.572268 1.40897 1.66757 0.983987 0.224223 0.241577 0.117604 0.0486153 
1.97274 0.265653 0.326286 -0.175976 0.810834 1.8742 1.89456 1.01469 0.170124 0.238577 0.152028 0.0485052 
2.28557 0.258891 0.350822 0.320375 0.806043 1.73398 1.37954 1.16111 -0.0701451 0.266183 0.206176 0.0571253 
2.53353 0.105737 -0.391704 0.356296 0.225177 1.30064 1.57065 0.89675 0.195201 0.274911 0.391511 0.0845357 
2.45951 0.101556 -0.268927 0.564194 0.114988 0.971803 1.49359 0.942843 0.210451 0.190195 0.324001 0.100282 
3.01047 0.148037 -0.195176 0.128404 0.859163 -0.151151 1.77532 0.757418 0.357991 0.438299 0.287954 0.100068 
3.17855 0.497032 0.0313538 -0.109527 1.26747 -0.177086 1.86316 0.606461 0.406925 0.33566 0.185338 0.10136 
4.09563 0.423692 -0.020698 0.779672 0.655592 0.722939 0.679821 0.334226 0.625333 -0.0272107 0.0982755 0.0948896 
4.02786 0.760588 0.461019 0.15646 0.838754 1.21036 0.665404 0.109237 0.677657 0.0100942 0.163298 0.101379 
2.89819 1.81415 0.741635 -0.0496537 0.817875 0.878598 0.777837 0.392477 0.0200063 -0.0338136 0.152166 0.0656193 
1.70814 1.01298 0.322877 1.251 0.4255 0.97741 1.65389 0.26915 0.173692 0.70441 0.214153 -0.028249 
0.823977 0.803104 1.07337 1.09063 2.18226 0.763875 1.15443 1.73383 -0.165147 0.692918 -0.12527 0.00505337 
0.719062 0.603013 1.04252 1.12669 2.34413 1.23256 1.58255 1.65783 -0.188857 0.584535 -0.107663 0.0109443 
0.284784 0.924777 0.885667 1.87477 2.00621 1.8917 1.1262 1.47172 -0.333846 0.397894 -0.0625702 0.101827 
0.206501 1.02643 1.11867 2.08212 2.22562 1.95203 0.81414 1.10866 -0.511902 0.336527 0.0344882 0.140257 
