0.430650 0.080949 0.202548 0.431439 0.099687 0.075981 0.206015 0.166372 0.070303 0.067600 0.073123 0.019922 
0.441278 0.074422 0.199090 0.440560 0.104178 0.075486 0.212364 0.173173 0.081138 0.071133 0.067614 0.016972 
0.423609 0.178922 0.299227 0.292658 0.030527 0.081195 0.247117 0.082677 0.260284 0.034750 0.190940 -0.106278 
0.467550 0.186348 0.240766 0.263155 0.008903 0.097871 0.255669 0.069882 0.206465 0.031913 0.198541 -0.099701 
0.391712 0.284611 0.268163 0.128929 0.076457 0.079005 0.300602 0.086350 0.212395 0.091527 0.137508 -0.091043 
0.352714 0.295676 0.371810 0.165471 0.070789 0.137807 0.246461 0.111819 0.180426 0.073247 0.123223 -0.067060 
0.368658 0.265735 0.323557 0.170224 0.172724 0.109547 0.284073 0.142889 0.155106 0.108296 0.056910 -0.036527 
0.349197 0.190377 0.342111 0.140569 0.288560 0.101154 0.287487 0.166396 0.118838 0.071994 0.079814 -0.036424 
0.354437 0.116493 0.298502 0.179946 0.312957 0.131119 0.275533 0.233768 0.153351 0.035442 0.092105 -0.047484 
0.353146 0.201021 0.309406 0.035693 0.433811 -0.051088 0.281345 0.199382 0.071066 0.082406 0.048221 0.000133 
0.367896 0.156681 0.326846 0.016610 0.397438 -0.018958 0.335996 0.229074 0.047757 0.035934 0.032564 0.028986 
0.351306 0.242723 0.279468 0.100560 0.410716 0.026906 0.213046 0.063717 0.111309 0.108247 0.057811 0.001233 
0.318448 0.304054 0.221064 0.151472 0.391404 0.051802 0.240058 0.043546 0.071040 0.102702 0.053513 0.021169 
0.422350 0.232775 0.088594 0.234619 0.300622 0.140707 0.272726 -0.010433 0.141395 0.058813 0.053424 0.025510 
0.310872 0.368660 0.007770 0.420420 0.235472 0.140463 0.181641 0.031717 0.114111 0.144027 0.067168 -0.021915 
0.336146 0.317709 -0.099683 0.486935 0.192797 0.038342 0.231335 0.159364 0.116944 0.154807 0.064592 -0.013407 
0.352771 0.312379 -0.116149 0.572580 0.200209 0.109008 0.126111 0.199277 0.126840 0.112820 0.142100 -0.068172 
0.350213 0.303084 0.003862 0.470985 0.139056 0.102954 0.104302 0.207350 0.107948 0.053154 0.126178 -0.040038 
0.368085 0.293803 0.012174 0.405803 0.154970 0.061044 0.192234 0.169014 0.145039 0.099476 0.066982 -0.038467 
0.370979 0.330431 0.115779 0.300539 0.101706 0.189155 0.158950 0.139616 0.093778 0.031352 0.077171 0.002032 
0.477803 0.290553 0.180447 0.266864 0.041123 0.200945 0.164981 0.202704 0.053909 0.025773 0.046314 0.030309 
0.542616 0.349142 0.154441 0.229482 0.083309 0.234499 0.113132 0.200352 0.034700 -0.074412 0.093138 0.022972 
0.521606 0.282039 0.226901 0.111334 0.181991 0.225506 0.148438 0.196357 0.085954 -0.002696 0.040802 0.011821 
0.471406 0.260942 0.222264 0.067320 0.345797 0.145132 0.236128 0.253756 0.040194 0.090145 0.019271 -0.022822 
0.444789 0.324742 0.238999 0.073037 0.250170 0.164285 0.198991 0.168069 0.025939 0.100673 0.014539 -0.000134 
0.482097 0.316785 0.284399 0.121923 0.219898 0.149154 0.167214 0.146697 0.068065 0.209429 -0.019294 -0.005703 
0.522996 0.320952 0.261793 0.167659 0.153788 0.154261 0.192017 0.090532 0.086909 0.108055 0.036110 0.002472 
0.561735 0.243003 0.220397 0.268405 0.104195 0.185034 0.165937 0.090342 0.082541 0.087502 0.038615 0.020931 
0.497436 0.226383 0.209090 0.224556 0.139791 0.161278 0.154931 0.116075 0.115741 0.107121 0.084678 -0.010144 
0.454643 0.227177 0.193901 0.202235 0.138311 0.132092 0.117580 0.103751 0.127716 0.069315 0.073655 0.019993 
0.530484 0.219787 0.090258 0.103490 0.183001 0.171495 0.070289 0.051408 0.123332 0.028196 0.143610 0.063343 
0.468050 0.221650 0.069282 0.056172 0.219770 0.190009 0.067011 -0.011987 0.194751 0.018728 0.117579 0.089135 
0.562842 0.219940 0.112726 0.064625 0.232435 0.226472 0.107516 -0.036554 0.163506 0.016154 0.120807 0.089232 
0.504032 0.243416 0.043869 0.047447 0.252766 0.234263 0.207598 -0.008148 0.111062 0.098709 0.052856 0.084959 
0.441543 0.227224 0.093729 0.122806 0.246210 0.133320 0.171271 0.016624 0.143727 0.087818 0.019783 0.089533 
0.536562 0.231305 0.097479 0.091176 0.239065 0.147392 0.236603 0.071759 0.062432 0.068562 0.013996 0.101484 
0.439106 0.264294 0.058238 0.158933 0.205998 0.161428 0.120790 0.076807 0.039174 0.024362 0.083422 0.110472 
0.533147 0.293841 0.076289 0.147556 0.132424 0.131248 0.075194 0.082409 0.038063 -0.016432 0.096334 0.124554 
0.581712 0.276107 0.021976 0.113679 0.062093 0.259097 0.010449 0.092673 0.063075 0.017256 0.129829 0.121456 
0.530107 0.297840 0.041450 0.076445 0.040130 0.233710 -0.013293 0.108663 0.076720 0.045497 0.168192 0.106739 
0.614783 0.229287 0.038217 -0.051393 0.023232 0.248949 -0.005594 0.099553 0.085953 0.112615 0.147725 0.141967 
0.613934 0.131953 0.092252 -0.036804 0.022588 0.356962 0.069689 0.029308 0.081516 0.118215 0.165330 0.116251 
0.724057 0.110642 0.117226 -0.018300 0.052632 0.294553 0.095043 0.066384 0.050808 0.089785 0.172369 0.097560 
0.863039 0.073494 0.132749 -0.060276 0.063083 0.285093 0.205038 0.041725 0.070000 0.108608 0.081096 0.079137 
0.784219 0.106910 0.174162 -0.033688 0.112743 0.290211 0.207885 0.090391 0.037157 0.113215 0.046843 0.056317 
0.908028 0.149523 0.153753 -0.050319 0.084202 0.201281 0.245432 0.158871 0.042802 0.060477 0.046188 0.048987 
0.772554 0.066395 0.062221 -0.028395 0.119304 0.267743 0.278841 0.163828 0.032475 0.059726 0.059708 0.048876 
0.895066 0.064705 0.066900 0.051695 0.118599 0.247712 0.203040 0.187469 -0.013390 0.066637 0.080974 0.057562 
0.992170 0.026427 -0.074696 0.057491 0.033132 0.185806 0.231168 0.144786 0.037262 0.068822 0.153763 0.085182 
0.963182 0.025382 -0.051283 0.091037 0.016919 0.138829 0.219826 0.152228 0.040173 0.047614 0.127249 0.101049 
1.178946 0.036999 -0.037219 0.020719 0.126415 -0.021593 0.261291 0.122290 0.068337 0.109725 0.113092 0.100833 
1.244768 0.124224 0.005979 -0.017673 0.186492 -0.025298 0.274219 0.097917 0.077678 0.084030 0.072790 0.102135 
1.603911 0.105894 -0.003947 0.125806 0.096462 0.103277 0.100056 0.053963 0.119370 -0.006812 0.038597 0.095615 
1.577374 0.190095 0.087914 0.025246 0.123412 0.172908 0.097934 0.017637 0.129358 0.002527 0.064134 0.102154 
1.134976 0.453413 0.141426 -0.008012 0.120340 0.125514 0.114482 0.063368 0.003819 -0.008465 0.059762 0.066121 
0.668934 0.253176 0.061571 0.201858 0.062607 0.139630 0.243419 0.043456 0.033156 0.176344 0.084107 -0.028465 
0.322682 0.200721 0.204686 0.175981 0.321092 0.109125 0.169909 0.279938 -0.031525 0.173467 -0.049199 0.005092 
0.281596 0.150712 0.198803 0.181800 0.344909 0.176080 0.232919 0.267667 -0.036051 0.146334 -0.042284 0.011028 
0.111526 0.231131 0.168892 0.302509 0.295189 0.270243 0.165754 0.237619 -0.063728 0.099610 -0.024574 0.102605 
0.080869 0.256537 0.213325 0.335965 0.327472 0.278861 0.119825 0.179001 -0.097717 0.084247 0.013545 0.141329 
