87419807.746016 65016150.673568 55913068.042344 60524461.301048 64687516.919460 54747527.354292 51409176.433256 54640118.536491 52467368.606923 46309562.356808 44441080.637398 43928210.465416 40142681.549302 
92652050.199773 69845651.434662 60127798.589268 64947242.719853 69458025.210812 59226210.782797 55497904.891278 58806084.654169 56694435.332323 50390119.859146 48063336.187280 47156170.779568 43290391.042572 
95924905.673255 71222590.369367 66327240.607329 67015775.613213 65733340.082637 56849515.209035 56213745.225886 59383583.238174 52432537.958039 52507423.968651 46006631.304698 45840066.239664 34658090.772452 
97916807.077481 71611125.723186 64942559.355978 64447040.769906 63240039.920975 54003155.394155 54435058.161908 58382119.899471 51035844.932479 50279894.842010 44987878.357517 45253600.483051 33418275.281250 
102514045.591433 76424251.521187 73069588.767377 69618970.462951 64991629.034529 60863264.698900 60343092.100431 64761026.183150 57472118.533450 57862451.192061 51705288.876061 48742160.698231 39020703.478213 
170523426.629507 131565579.173657 127676668.463713 127739505.135769 117724587.440494 109395856.656945 108789002.239195 108437026.857414 98176335.127012 94884951.881734 86102882.219629 80760065.391071 67150597.452574 
146513477.939655 116895521.401084 112806294.318102 111839816.803122 105303517.560948 101497293.524853 97198906.403351 98135960.236485 89813853.096040 84754007.847774 78676397.806532 71102990.686619 62917601.014446 
190614585.291902 148050695.246424 142282981.832134 143891580.311604 133962983.636611 133889883.292510 123313869.483342 123955949.848121 114371596.619640 103702180.349258 96153774.028795 88028862.388622 76221338.916281 
168855553.843201 134036695.066660 125945186.222520 128450578.915746 123274485.430997 122673289.982266 114317605.940094 113536581.952742 108796729.946645 98631565.849343 89400406.311729 84285248.101079 73681435.141841 
150161554.716633 103046171.469779 103563909.733613 102801160.927238 89605480.758858 103430543.538722 80966562.872287 89533532.465009 84660739.509114 71164956.458284 71653497.218752 60778056.785224 57036949.280608 
164548428.313162 114393477.149531 111530174.993399 112102794.082095 98356132.320166 111362054.830770 91510917.590918 102134761.371791 95933052.867981 78865855.666049 77476314.989553 68186773.823778 66160493.384974 
181504074.174154 130797097.598114 129385601.679972 125671708.965735 116345194.052945 126394838.238688 104482403.061249 107491106.858011 96126523.330675 91730837.705775 88329392.974426 77133549.493953 71284276.441590 
234673361.236004 168894365.811961 170892688.946597 161283397.936905 152990643.841309 163796747.371775 136287663.536800 142245450.327950 122293720.945676 117250858.827239 113224892.918454 99715297.377146 94172350.414503 
189837367.813307 144116752.084317 134755501.919536 125134519.415995 129464553.753535 131230086.498263 120358694.149507 119817189.947751 102256411.348948 104175904.455557 95236571.658771 90541370.801652 83601626.121498 
232018680.818045 168141100.048653 172872680.818699 150365011.785463 169411828.547133 155805332.848573 146987837.637881 137848161.034714 125862774.320034 125874990.945022 118544294.115278 108920037.031006 94245256.438617 
180115403.857364 128642546.326975 129535520.226231 113237835.716565 134176028.478577 119298300.451370 113676634.875992 111746076.987326 109994523.391006 105416586.727174 100813905.500711 93177871.298518 85154258.373817 
163855245.978220 115601687.464462 119093559.030511 100798334.819602 126892304.509856 108231762.150726 105654798.168608 95828474.679300 98265144.536826 94334899.560584 87211958.709164 84159030.232921 69333662.617814 
194948587.469604 135035745.662186 136601329.935318 118410590.305642 141307978.196287 118191091.061032 114903858.725409 107551047.247492 109982380.545544 100594412.640253 90409237.079658 89256243.110587 75132840.098594 
163925872.973832 118159878.946565 114619826.521230 102671089.109973 115386089.917761 102487082.038368 96430135.217586 95719117.507966 92994572.402000 88557883.335107 79738750.969171 74205686.341869 64437301.958033 
217936580.384113 161769964.402011 159824965.005918 144208606.202585 150464941.072381 135678471.571182 136085331.247837 128691083.090652 122365027.869336 113093586.227361 103436056.366887 99397089.385638 89155009.588445 
210851028.132377 167054859.726416 156766029.779619 147418578.946621 146680418.182010 133244915.770242 135153201.925849 129614088.687359 125172852.336519 111011408.392386 103296116.785421 96936396.886657 90976642.505874 
216868265.377863 173960139.964599 162040157.735289 147382864.967647 143979567.962496 133427125.684019 132965409.653021 122097778.747606 115959613.240291 99440807.211175 86741295.048353 84976029.393112 77043398.698499 
229335516.947714 186267743.368070 171534147.708482 162637382.491909 152177812.295757 150937713.318600 148251193.515949 138991520.318781 132414209.328739 117847894.216592 103977894.905977 97103546.572260 88603850.023933 
182181933.088683 147613277.669167 139261394.344428 133411924.113142 123740450.270102 130080435.795780 119944468.162349 117261382.697666 111864405.191367 95410007.140211 89629217.202198 78324809.186625 69882837.927263 
207491707.677345 162579918.733084 154751680.339349 146238867.833185 133935293.871037 137551824.088584 128292341.529908 123808182.116913 115435356.134866 100040708.232714 95137009.617500 82874745.493209 74958150.372400 
217479610.911144 178898666.620535 170669691.475887 164559249.132577 153145496.566620 151606939.936674 142358164.216032 137094802.837313 129029562.029934 117860979.474423 114420482.805546 96831865.412844 88279577.813418 
201055320.226132 166928296.122402 156814323.873580 149905153.281628 141435436.488564 135146174.915529 129688429.986713 124565572.509117 114329702.359528 106609268.760915 99547409.667930 89259986.736950 80582958.011404 
214909057.469283 179117471.083289 164778689.013030 159853008.287764 156133906.201258 145769930.334083 142654402.436092 136350293.070433 126841135.998745 119376535.698433 113013361.890426 104261870.565341 96794547.571712 
196889638.242099 160590671.918304 148335846.363008 144435785.627857 141592328.708608 135115543.109578 131801977.839347 127586171.370523 121465749.251842 116438467.504258 111080084.634144 104115260.757385 94995526.333903 
229986490.494476 178449631.614340 164095800.433802 158631841.042242 155445997.255957 148573118.076653 143802676.736373 138958296.079104 134120931.072149 130506928.874118 122724904.931231 117145790.658937 109484879.017675 
277230978.438439 224484944.851933 202269338.268261 189692627.787579 188410087.791815 191966681.828967 188979650.556182 179165699.882436 173557016.810603 174062453.765771 169086289.837274 171937895.057126 164763810.095956 
313487539.512397 249417333.549256 228064848.033291 214384292.797540 213665355.839713 223203411.587427 220097361.570644 207819395.510691 198703606.646702 208054535.659802 198686699.053812 202579064.628522 197175769.711852 
382384310.919706 320941961.969744 292185695.538296 277644316.191491 275089409.574170 285040934.666901 282717691.187095 266624206.723888 250745501.878247 255812513.119067 248449532.936253 251874895.055248 245831599.578971 
418804963.099791 344618412.122962 313433927.556292 290898971.573627 292789482.004650 311308586.029329 310364613.715171 300294660.856213 275083301.199158 273988879.008409 271052116.913426 266926601.423352 264266026.120522 
458361118.896604 365668082.725194 340863706.744278 322903299.337269 323661073.878671 333356944.902878 319271378.731120 315701501.729367 295718631.488267 300258692.119992 290748315.587753 279303216.771154 279539467.355021 
516295941.512441 434644612.558572 400172457.754016 377864829.277245 374145811.732424 386949273.949822 380652729.198950 379517690.571053 355717217.599036 342015058.405475 334217365.672879 326146418.627386 329981771.313343 
539626928.335775 431278737.085088 402327718.983415 373770381.386007 380476335.968304 385104271.287911 378210635.308707 364856782.748715 348370611.438848 335980025.052681 330902264.116943 335254629.828444 335072996.575442 
498818291.857839 409568794.028878 376610405.263945 346629981.829119 343894829.283834 338491428.681491 333702354.685502 321941175.196696 312838393.531276 301901150.239354 295538952.603539 304903354.175235 307720378.998407 
595253728.332160 496438713.727346 452598390.240066 411712819.611857 412065637.508424 410786059.511327 425210427.313313 398299350.400977 393300901.771411 382951801.887310 381468708.114658 391250229.215961 391405343.266014 
624371310.796383 516566999.147371 480046052.253428 437487830.147722 430615922.414423 425828495.147755 441517095.663962 415869512.476439 421955621.089622 416477141.975141 416770065.806521 426896018.729822 419205574.510903 
608186472.322967 524070564.739776 472721367.903288 435040668.110332 418205001.902303 426842067.362257 446428633.528544 431781513.835599 436767851.644511 438306772.474718 443844670.549953 449406032.728018 445222964.882928 
621474224.759054 528381512.647663 465802131.020908 442972803.688348 432237249.462217 452059422.626499 481823377.459334 453966158.635632 435499855.530157 438311183.381428 445981496.487250 454760521.045726 448382690.160954 
512558555.310062 440028400.504300 380230190.090917 356937413.705877 346947191.600951 362074266.558051 380451868.487294 364216129.337861 348516940.271665 343020620.010264 347819336.373635 356168974.043880 348682286.206264 
477829355.915923 414477965.455100 347781463.674533 319045650.423728 307802453.144931 324947627.684910 349656468.991637 343827747.448691 320530537.948475 308899679.939902 305553592.580142 303197914.129106 302200241.494736 
477930646.485009 413939060.420849 356890221.807640 334593636.498715 321944792.635215 336147149.694132 355185478.603909 347708794.462183 324727683.164333 307535929.904913 300794495.746830 293934251.257023 292235954.196705 
451049899.021599 401183839.082998 345390527.737232 312898812.083615 297588338.499321 308928696.209576 327982663.968002 333642011.213154 319164497.994639 295803552.097418 279489633.215215 271499341.308751 271203020.772026 
401173992.150163 347004653.444704 290153730.044178 262614417.482412 259500659.005012 282124751.025988 307397551.606953 311019907.129202 290483178.770956 264080860.622961 251364543.331681 250408458.752420 255783392.632660 
335194150.739744 292110858.105760 243150052.867597 220803398.454467 219672670.524611 232347464.674135 245447842.549469 243677403.788879 227987727.782458 207388072.872103 200392305.653596 200805920.183253 200911332.088707 
251265636.250203 217685838.708721 171965582.844087 148408193.575278 149645975.619778 161940674.165395 176308192.018889 179974367.034393 170111433.933403 158448942.126407 156457872.904625 159648710.674299 157781198.545135 
211356513.824854 183141051.429753 147015516.554196 129802459.424058 130171870.722486 136397254.251454 146139573.353046 150944323.455735 144877141.697008 134876420.470255 131742915.705429 134485787.326469 135015299.244689 
183390204.712688 163855199.127072 134333070.602813 116763359.369581 113094908.649722 116610659.529765 121845085.797133 127647955.071381 127079119.108797 123358806.813759 120988168.350510 119152701.310550 115915874.766799 
144085574.048249 130136442.642613 108343242.175045 93284794.988066 88576913.794983 90947633.213627 94150417.750906 97255785.423031 95399424.068427 91462083.057299 88159722.954748 85831483.080108 84032158.636339 
109097865.026396 101080972.111791 86108983.486092 75060266.753504 70593982.591401 69524954.368993 68895817.720744 67547823.701564 65422188.375782 62956146.709095 60911813.892082 60479418.297479 61032777.500736 
78389856.686860 73709529.066576 64871608.294055 57652141.742462 53921414.119650 52835746.393725 52220688.368128 50678980.516089 48618109.901915 46870390.473799 45603332.975357 45016652.933172 44491045.767809 
50978094.711465 47036509.958000 41468325.234822 36087108.047819 32315722.313089 30518356.762619 29208596.899923 27644326.959013 25679950.204376 23817352.625110 22710000.242138 22427986.236666 22286688.386178 
53377727.540480 42464524.837111 35877283.646034 32253923.135900 31611233.279823 29611909.142732 29896999.491513 29671814.584174 26285857.763255 24518004.064530 24498641.904810 21844456.161602 18195203.045217 
97374798.920984 66391199.631512 64613434.526140 63664617.120776 59171925.516522 64252546.729617 54021537.910910 54168328.750396 54957351.676235 42100631.697580 46099878.628239 35348802.228449 34036775.010135 
120631808.225052 83125252.633349 79569224.053345 79277390.259222 74778493.227448 80886250.630477 70728914.013610 70602254.048030 68596444.334903 53170573.162145 56543776.580493 45107514.638526 43178223.993809 
195902036.698209 118750590.074871 131280805.229137 117581241.656636 127925886.273613 118655059.544415 119042916.826989 102931672.978273 109245917.978130 79178252.791929 90505514.629039 70662173.749611 78306236.622589 
201351176.260980 121514763.445055 137557018.832361 123010010.037493 133970997.292379 123655283.213156 124352393.603705 104388255.971103 111243517.581353 81530825.343684 95346862.613519 77274175.910599 85852445.198203 
