15.7549
14.5393
25.4802
25.4802
-14.6365
-13.4209
-74.2037
-99.7326
-122.83
-99.7326
-79.0664
-91.223
-77.8507
-80.282
-98.5169
-121.614
-81.4977
-54.7532
-66.9098
-57.1845
-87.576
-74.2037
-98.5169
-88.7916
-62.0472
-87.576
-93.6543
-114.32
-132.555
-169.025
-161.731
-154.437
-169.025
-160.515
-175.103
-145.928
-138.634
-172.672
-188.476
-158.084
-182.397
-177.535
-166.594
-169.025
-169.025
-198.201
-193.338
-160.515
-159.3
-165.378
-166.594
-182.397
-160.515
-160.515
-156.868
-177.535
-189.691
-166.594
-181.182
-201.848
-224.945
-189.691
-156.868
-159.3
-81.4977
-91.223
-53.5376
-66.9098
-69.3411
-45.028
-58.4002
-52.3219
-41.381
3.59835
16.9706
-12.2052
-1.26428
-29.2244
4.814
69.2439
69.2439
92.3414
117.87
91.1257
99.6353
106.929
131.242
119.086
143.399
140.968
131.242
142.183
148.262
168.928
105.714
102.067
154.34
157.987
172.575
193.241
148.262
166.496
171.359
161.634
167.712
137.321
177.437
167.712
150.693
161.634
123.948
145.83
139.752
125.164
133.674
151.909
145.83
168.928
156.771
145.83
175.006
127.595
138.536
175.006
171.359
136.105
171.359
194.457
157.987
182.3
164.065
177.437
117.87
144.615
145.83
145.83
171.359
138.536
171.359
164.065
132.458
130.027
142.183
138.536
156.771
179.869
185.947
173.79
147.046
153.124
164.065
161.634
168.928
178.653
156.771
178.653
241.867
241.867
224.848
239.436
279.553
250.377
252.808
212.691
268.612
286.847
234.573
239.436
227.279
230.926
207.829
200.535
226.064
263.749
246.73
245.514
239.436
238.22
239.436
237.005
212.691
213.907
232.142
256.455
217.554
215.123
206.613
239.436
207.829
184.731
194.457
195.672
239.436
194.457
189.594
207.829
192.025
142.183
142.183
166.496
177.437
170.143
168.928
189.594
148.262
177.437
156.771
136.105
168.928
196.888
178.653
187.163
216.338
199.319
179.869
188.378
176.222
151.909
181.084
160.418
179.869
165.281
149.477
196.888
226.064
271.043
292.925
303.866
313.591
279.553
281.984
292.925
278.337
272.259
277.121
342.767
402.334
420.569
399.903
381.668
412.059
408.412
410.844
427.863
420.569
404.765
409.628
463.117
430.294
424.216
488.646
472.842
449.745
442.451
488.646
459.47
425.432
454.607
425.432
395.04
413.275
441.235
387.746
414.491
397.471
350.061
382.884
370.727
375.59
410.844
427.863
391.393
363.433
361.002
385.315
371.943
386.531
415.706
390.177
395.04
395.04
369.511
375.59
368.296
381.668
371.943
380.452
382.884
380.452
368.296
289.278
284.415
245.514
274.69
243.083
223.632
234.573
221.201
257.671
240.652
233.358
204.182
201.751
219.985
237.005
200.535
205.398
230.926
246.73
207.829
207.829
216.338
221.201
250.377
224.848
212.691
201.751
244.299
227.279
228.495
215.123
192.025
216.338
172.575
168.928
153.124
120.301
85.0474
88.6944
87.4787
99.6353
97.204
122.733
157.987
155.556
147.046
171.359
127.595
167.712
149.477
116.655
145.83
123.948
125.164
115.439
103.282
69.2439
82.6161
77.7535
61.9499
40.0681
21.8332
41.2837
55.8716
7.24532
26.6958
-18.2835
-10.9895
-6.12691
-9.77389
-28.0088
-30.4401
25.4802
-7.34257
-52.3219
-80.282
-21.9305
-2.47994
20.6176
-1.26428
19.4019
-28.0088
-9.77389
-9.77389
-4.91126
21.8332
-4.91126
-25.5774
-46.2436
-29.2244
-32.8714
3.59835
18.1862
78.9691
138.536
155.556
159.203
178.653
178.653
142.183
153.124
171.359
182.3
165.281
181.084
159.203
132.458
196.888
234.573
278.337
306.297
286.847
296.572
294.141
299.003
305.081
277.121
291.709
266.18
272.259
292.925
305.081
260.102
256.455
223.632
256.455
295.356
294.141
318.454
289.278
322.101
289.278
274.69
272.259
278.337
297.788
296.572
316.022
325.748
341.551
308.728
299.003
313.591
296.572
292.925
312.375
336.689
309.944
300.219
285.631
331.826
309.944
303.866
329.395
305.081
330.61
323.316
334.257
277.121
341.551
337.904
316.022
314.807
281.984
286.847
275.906
284.415
262.533
314.807
324.532
297.788
336.689
292.925
291.709
313.591
322.101
317.238
312.375
307.513
343.982
343.982
330.61
296.572
302.65
318.454
272.259
351.276
322.101
323.316
331.826
339.12
326.963
354.923
384.099
346.414
307.513
309.944
356.139
319.669
303.866
302.65
329.395
336.689
297.788
299.003
350.061
350.061
351.276
353.708
325.748
354.923
353.708
356.139
351.276
340.336
328.179
336.689
347.629
341.551
384.099
413.275
381.668
391.393
384.099
337.904
354.923
362.217
313.591
347.629
347.629
342.767
351.276
350.061
348.845
345.198
314.807
317.238
317.238
302.65
351.276
329.395
352.492
346.414
331.826
354.923
337.904
323.316
316.022
387.746
351.276
364.649
353.708
368.296
379.237
391.393
432.726
414.491
467.98
463.117
450.96
447.313
446.098
430.294
425.432
438.804
505.665
519.037
540.919
544.566
528.762
534.841
579.82
576.173
565.232
559.154
540.919
584.683
590.761
598.055
593.192
591.977
583.467
573.742
606.565
604.133
610.212
611.427
630.878
595.624
606.565
556.723
542.135
578.604
542.135
542.135
525.115
545.782
497.155
486.214
538.488
516.606
516.606
516.606
511.743
515.39
526.331
514.175
519.037
526.331
519.037
536.056
516.606
495.94
500.802
515.39
484.999
484.999
505.665
497.155
472.842
466.764
398.687
367.08
401.118
374.374
381.668
402.334
386.531
354.923
375.59
359.786
382.884
390.177
396.256
348.845
342.767
353.708
342.767
352.492
318.454
318.454
326.963
378.021
363.433
309.944
300.219
284.415
280.768
289.278
305.081
309.944
300.219
322.101
316.022
314.807
288.062
232.142
247.946
224.848
211.476
221.201
232.142
230.926
228.495
246.73
267.396
252.808
272.259
263.749
266.18
264.965
239.436
224.848
233.358
235.789
204.182
196.888
156.771
161.634
144.615
168.928
145.83
156.771
170.143
149.477
140.968
140.968
172.575
145.83
156.771
114.223
115.439
134.889
104.498
92.3414
138.536
125.164
143.399
188.378
139.752
86.2631
102.067
98.4196
78.9691
91.1257
94.7727
88.6944
68.0282
70.4595
76.5378
104.498
133.674
173.79
238.22
245.514
233.358
241.867
241.867
283.2
284.415
291.709
297.788
252.808
285.631
281.984
262.533
277.121
301.434
350.061
392.609
405.981
412.059
362.217
410.844
423
409.628
430.294
415.706
402.334
425.432
441.235
418.138
402.334
433.941
418.138
403.55
432.726
442.451
438.804
418.138
433.941
416.922
409.628
419.353
429.079
425.432
446.098
454.607
450.96
443.666
404.765
467.98
419.353
380.452
424.216
391.393
347.629
311.16
370.727
395.04
388.962
443.666
424.216
387.746
419.353
474.058
545.782
475.274
487.43
483.783
419.353
430.294
471.627
469.195
436.372
452.176
452.176
442.451
415.706
465.548
412.059
423
442.451
493.508
396.256
340.336
466.764
510.528
495.94
447.313
464.333
457.039
467.98
409.628
404.765
415.706
437.588
419.353
427.863
443.666
466.764
511.743
495.94
497.155
509.312
520.253
476.489
403.55
482.567
478.92
489.861
478.92
461.901
453.392
419.353
430.294
391.393
433.941
435.157
438.804
427.863
409.628
425.432
497.155
495.94
482.567
517.822
472.842
478.92
476.489
458.254
427.863
481.352
463.117
460.686
469.195
470.411
433.941
460.686
539.703
504.449
472.842
458.254
470.411
438.804
418.138
427.863
416.922
414.491
409.628
443.666
452.176
435.157
489.861
443.666
426.647
437.588
440.019
433.941
494.724
476.489
457.039
424.216
461.901
532.409
508.096
534.841
539.703
519.037
516.606
528.762
544.566
553.076
538.488
602.918
677.073
685.582
606.565
399.903
176.222
278.337
555.507
481.352
324.532
483.783
663.7
618.721
639.387
741.503
720.836
640.603
691.661
715.974
700.17
698.955
730.562
717.189
705.033
730.562
750.012
690.445
657.622
695.308
667.347
641.819
660.053
633.309
594.408
540.919
489.861
443.666
296.572
195.672
125.164
-31.6557
-139.849
-126.477
-196.985
-396.353
-505.762
-268.709
109.361
319.669
337.904
459.47
622.368
674.641
745.15
809.579
750.012
680.72
700.17
652.76
621.152
677.073
724.483
662.485
674.641
753.659
729.346
561.585
430.294
457.039
414.491
330.61
277.121
258.886
201.751
178.653
165.281
75.3221
15.7549
-3.6956
38.8524
49.7933
57.0873
64.3812
70.4595
64.3812
93.557
195.672
272.259
280.768
241.867
258.886
221.201
176.222
207.829
166.496
140.968
263.749
335.473
326.963
331.826
447.313
538.488
523.9
516.606
523.9
533.625
436.372
415.706
407.197
313.591
264.965
314.807
330.61
319.669
302.65
300.219
269.827
213.907
232.142
213.907
166.496
175.006
155.556
145.83
168.928
119.086
100.851
178.653
185.947
92.3414
83.8318
123.948
173.79
222.417
239.436
192.025
113.008
116.655
106.929
119.086
99.6353
115.439
126.38
133.674
175.006
168.928
185.947
190.81
224.848
269.827
305.081
309.944
368.296
433.941
343.982
325.748
405.981
328.179
257.671
342.767
426.647
425.432
363.433
346.414
418.138
476.489
531.194
487.43
365.864
371.943
458.254
405.981
312.375
247.946
260.102
317.238
336.689
351.276
274.69
233.358
290.494
381.668
409.628
438.804
453.392
381.668
386.531
448.529
408.412
350.061
380.452
463.117
502.018
502.018
453.392
442.451
493.508
525.115
481.352
519.037
542.135
482.567
415.706
414.491
532.409
495.94
472.842
494.724
503.234
455.823
488.646
488.646
440.019
449.745
460.686
463.117
474.058
427.863
427.863
455.823
526.331
540.919
511.743
542.135
600.486
560.37
471.627
582.251
611.427
576.173
607.78
656.407
660.053
591.977
628.446
653.975
638.172
616.29
553.076
583.467
644.25
662.485
629.662
544.566
560.37
606.565
581.036
576.173
549.429
539.703
508.096
463.117
491.077
543.35
538.488
515.39
450.96
415.706
429.079
423
396.256
403.55
384.099
354.923
416.922
361.002
324.532
343.982
408.412
414.491
416.922
392.609
354.923
307.513
322.101
343.982
356.139
351.276
319.669
274.69
251.593
297.788
255.239
209.044
260.102
331.826
335.473
350.061
323.316
278.337
254.024
284.415
308.728
322.101
340.336
318.454
281.984
318.454
362.217
361.002
363.433
363.433
395.04
410.844
429.079
466.764
484.999
505.665
506.881
522.684
579.82
604.133
606.565
601.702
673.426
684.367
771.894
813.226
782.835
790.129
905.616
987.065
1028.4
1057.57
1081.89
1103.77
1122
1158.47
1216.82
1303.14
1340.82
1373.64
1400.39
1424.7
1424.7
1511.01
1531.68
1557.21
1528.03
1520.74
1523.17
1526.82
1452.66
1422.27
1414.98
1340.82
1338.39
1283.69
1210.75
1163.34
1092.83
982.203
882.519
785.266
689.229
646.681
560.37
482.567
396.256
284.415
235.789
159.203
63.1656
-46.2436
-68.1255
-69.3411
-103.38
-187.26
-241.965
-201.848
-188.476
-201.848
-192.123
-181.182
-237.102
-206.71
-177.535
-154.437
-150.79
-122.83
-102.164
-29.2244
9.67664
-13.4209
-6.12691
-7.34257
48.5777
61.9499
72.8908
44.9307
24.2645
7.24532
-54.7532
-19.4991
4.814
-24.3618
-24.3618
-29.2244
-1.26428
27.9115
31.5585
55.8716
125.164
171.359
182.3
229.711
277.121
378.021
458.254
500.802
611.427
633.309
666.132
701.386
809.579
948.164
1021.1
1102.55
1132.94
1213.18
1338.39
1487.92
1545.05
1559.64
1648.38
1706.73
1774.81
1929.2
2033.75
2148.02
2233.11
2262.29
2272.02
2088.45
1853.83
1818.58
2127.35
2323.07
2076.29
1684.85
1476.98
1335.96
998.006
550.644
201.751
204.182
308.728
175.006
-403.647
-1044.3
-1250.96
-1175.59
-1112.38
-1101.43
-1137.9
-1339.7
-1554.87
-1579.19
-1385.9
-1139.12
-943.399
-847.362
-682.033
-430.391
-226.161
-96.0856
104.498
413.275
818.089
1119.57
1252.08
1328.67
1287.33
1325.02
1430.78
1582.74
1597.33
1546.27
1303.14
1030.83
833.893
771.894
465.548
63.1656
-109.458
-145.928
-365.962
-880.185
-1185.31
-1153.71
-1227.86
-1416.29
-1571.89
-1664.28
-1671.58
-1630.25
-1608.36
-1667.93
-1621.74
-1376.17
-984.731
-868.028
-840.068
-688.111
-494.821
-330.708
-66.9098
206.613
331.826
436.372
459.47
477.705
581.036
781.619
764.6
574.957
577.389
587.114
521.469
357.355
193.241
85.0474
3.59835
-31.6557
-76.6351
-218.867
-346.511
-474.155
-510.625
-404.863
-215.22
-105.811
-127.693
-102.164
76.5378
297.788
478.92
669.779
1001.65
1326.23
1549.91
1712.81
1952.3
2353.46
2658.59
2887.14
3216.58
3549.67
3849.94
4107.66
4169.66
3967.86
3566.69
3302.89
2933.33
2374.13
2072.65
2282.96
2245.27
1196.16
-83.929
-668.66
-553.173
-672.307
-1184.1
-1716.56
-2076.39
-2444.74
-2830.1
-2911.55
-2715.83
-2511.6
-2515.24
-2478.77
-2106.78
-1638.76
-1415.07
-1188.96
-691.758
13.3236
673.426
1130.51
1365.13
1627.72
1919.47
2335.23
2789.89
3096.23
3198.35
3112.04
2974.67
2810.55
2719.38
2659.81
2481.11
2060.49
1644.74
1314.08
977.34
544.566
78.9691
-215.22
-345.295
-680.817
-1054.02
-1357.94
-1581.62
-1599.85
-1659.42
-1637.54
-1384.68
-1007.83
-1001.75
-1210.84
-1165.86
-600.584
53.4403
187.163
49.7933
288.062
892.244
1220.47
1057.57
942.086
1254.51
1554.78
1475.76
1315.29
1339.61
1170.63
769.463
548.213
640.603
640.603
176.222
-419.451
-737.953
-872.891
-920.301
-1116.02
-1356.72
-1497.74
-1524.48
-1591.34
-1701.97
-1647.26
-1607.15
-1500.17
-1373.74
-1205.98
-988.378
-808.461
-643.132
-437.685
-131.34
194.457
421.785
628.446
759.737
923.851
1077.02
1157.26
1254.51
1326.23
1408.9
1515.88
1524.39
1407.68
1316.51
1325.02
1442.94
1380.94
1300.71
1286.12
1368.78
1569.37
1712.81
1752.93
1896.38
2115.2
2326.72
2588.09
2979.53
3313.83
3445.13
3281.01
2585.66
1638.66
1352.98
2120.06
3019.65
2744.91
1261.8
-31.6557
-306.394
8.46098
183.516
-103.38
-663.798
-1257.04
-1791.93
-2001.02
-1879.46
-1716.56
-1806.52
-1932.94
-1755.46
-1348.21
-1118.45
-1163.43
-1139.12
-660.151
149.477
889.813
1323.8
1332.31
1175.49
1276.39
1793.05
2368.05
2783.81
2766.79
2481.11
2318.21
2326.72
2490.83
2470.17
2258.64
1855.04
1334.74
933.576
579.82
204.182
-152.006
-294.238
-419.451
-690.542
-892.341
-1073.47
-1381.04
-1754.24
-1874.59
-1524.48
-1004.18
-808.461
-1195.04
-1542.72
-1276.49
-548.31
23.0489
229.711
351.276
347.629
206.613
164.065
548.213
1077.02
1160.9
709.895
358.57
424.216
585.898
449.745
58.3029
-121.614
-93.6543
-117.967
-419.451
-903.282
-1325.12
-1563.38
-1553.66
-1366.45
-1299.59
-1569.46
-1884.32
-1931.73
-1686.17
-1421.15
-1289.86
-1312.96
-1418.72
-1395.62
-1139.12
-869.244
-564.114
-325.845
-231.024
-63.2628
103.282
312.375
403.55
447.313
565.232
619.937
661.269
658.838
640.603
602.918
550.644
623.584
686.798
626.015
635.74
641.819
608.996
713.542
918.989
1159.69
1410.11
1591.25
1714.03
1895.16
2224.6
2661.03
2977.1
3266.42
3556.97
3824.41
3828.06
3386.77
2698.71
2248.92
2413.03
2686.55
2620.91
1876.93
839.971
-91.223
-513.056
-480.233
-547.095
-891.126
-1556.09
-2183.37
-2713.4
-2884.8
-2757.16
-2727.98
-2734.06
-2684.22
-2490.93
-2129.88
-1824.75
-1558.52
-1205.98
-589.643
176.222
770.678
1159.69
1479.41
1822.22
2230.68
2780.16
3284.66
3625.04
3614.1
3357.6
3191.05
3098.66
3042.74
2862.83
2517.58
2042.26
1633.8
1190.08
706.248
318.454
-94.8699
-424.313
-674.739
-973.79
-1293.51
-1654.56
-1980.35
-2110.43
-1966.98
-1591.34
-1299.59
-1249.74
-1303.23
-1210.84
-857.087
-255.337
222.417
543.35
748.796
971.262
1159.69
1318.94
1379.72
1562.07
1907.32
1847.75
1462.39
1158.47
1164.55
1075.81
722.052
492.293
414.491
80.1848
-520.35
-894.773
-1097.79
-1258.25
-1411.43
-1587.7
-1816.24
-1948.75
-1987.65
-2135.96
-2151.76
-1886.75
-1669.15
-1709.26
-1711.69
-1529.35
-1230.29
-965.281
-650.425
-365.962
-229.808
-179.966
-8.55823
198.104
427.863
624.799
722.052
775.541
760.953
767.031
649.113
585.898
668.563
690.445
655.191
635.74
555.507
446.098
395.04
515.39
680.72
796.207
871.578
962.752
1198.59
1486.7
1681.21
1952.3
2377.78
2770.44
2985.61
3219.01
3687.04
4055.39
3864.53
3246.97
2732.75
2566.2
2693.85
2777.73
2534.6
1850.18
934.792
150.693
-206.71
-162.947
-193.338
-634.622
-1340.92
-1883.1
-2201.6
-2324.39
-2236.86
-2077.61
-2031.41
-2041.14
-1800.44
-1385.9
-1079.55
-838.852
-396.353
239.436
905.616
1422.27
1828.3
2133.43
2430.05
2808.12
3329.64
3801.31
3932.6
3736.88
3449.99
3306.54
3239.68
3133.92
2873.77
2447.07
1948.65
1393.1
904.401
509.312
164.065
-181.182
-553.173
-897.204
-1199.9
-1424.8
-1703.19
-1931.73
-1914.71
-1708.05
-1356.72
-1173.16
-1164.65
-1081.98
-857.087
-477.802
20.6176
504.449
844.833
990.712
1085.53
1325.02
1617.99
1799.12
1676.34
1430.78
1455.09
1667.83
1537.76
1051.5
613.858
257.671
-63.2628
-306.394
-344.08
-620.034
-1263.12
-1736.01
-1909.85
-1970.63
-1991.3
-2020.47
-2166.35
-2377.88
-2385.17
-2239.29
-2177.29
-1976.71
-1737.22
-1556.09
-1412.64
-1081.98
-767.129
-616.387
-403.647
-96.0856
105.714
278.337
420.569
484.999
502.018
549.429
652.76
594.408
567.664
461.901
303.866
177.437
218.77
244.299
57.0873
-100.948
-171.456
-124.046
-62.0472
100.851
137.321
60.7343
189.594
484.999
844.833
1135.38
1343.25
1500.07
1788.18
2217.31
2527.3
2919.96
3521.71
3977.58
4063.89
3773.35
3358.81
2723.02
2361.97
2439.78
2489.62
2177.19
1422.27
443.666
-503.331
-990.81
-1010.26
-939.752
-1293.51
-2021.69
-2725.55
-3127.94
-3095.11
-2860.49
-2653.83
-2532.26
-2424.07
-2190.66
-1791.93
-1412.64
-886.263
-210.357
484.999
1238.71
1793.05
2208.8
2560.13
2889.57
3313.83
3813.47
4161.15
4285.14
4135.62
3803.74
3482.81
3307.76
3186.19
2943.06
2470.17
1779.67
1083.1
510.528
52.2247
-249.258
-606.662
-978.653
-1389.55
-1749.38
-2008.32
-2222.27
-2317.09
-2314.66
-2053.29
-1670.36
-1418.72
-1267.98
-1043.08
-752.541
-404.863
147.046
802.285
1297.06
1497.64
1479.41
1625.29
1998.49
2347.39
2451.93
2202.72
1734.69
1586.38
1720.11
1626.5
1075.81
359.786
-182.397
-440.117
-567.761
-855.872
-1356.72
-1945.1
-2307.37
-2430.15
-2390.03
-2325.6
-2448.38
-2754.73
-2797.28
-2421.64
-2066.67
-1951.18
-1886.75
-1682.52
-1331.19
-984.731
-678.386
-460.783
-283.297
-98.5169
160.418
430.294
618.721
669.779
644.25
695.308
790.129
860.637
753.659
519.037
243.083
117.87
200.535
266.18
207.829
-30.4401
-222.514
-226.161
-115.536
108.145
271.043
335.473
368.296
484.999
790.129
1236.28
1757.79
2021.59
2161.39
2466.52
2996.55
3525.36
3815.9
4024.99
4296.09
4484.51
4524.63
4091.86
3239.68
2509.07
2274.45
2269.58
2022.81
1355.41
250.377
-833.99
-1342.13
-1406.56
-1453.98
-1841.77
-2481.21
-3073.23
-3439.14
-3343.11
-2988.14
-2642.89
-2443.52
-2202.82
-1805.3
-1238.8
-554.389
-25.5774
495.94
1137.81
1879.36
2566.2
3059.76
3439.05
3687.04
3956.92
4308.24
4631.61
4710.62
4510.04
4089.42
3524.14
3088.94
2816.63
2490.83
1880.57
1215.61
555.507
-53.5376
-560.467
-895.988
-1186.53
-1584.05
-1913.49
-2159.06
-2194.31
-2105.57
-2041.14
-2060.59
-1815.03
-1232.73
-611.524
-232.239
-7.34257
346.414
787.698
1376.08
1943.79
2353.46
2529.73
2606.32
2723.02
2916.31
3149.72
3198.35
2918.75
2263.51
1675.13
1401.6
1439.29
1301.92
643.034
-335.57
-1097.79
-1475.86
-1633.89
-1774.91
-2140.82
-2630.73
-2972.33
-2956.53
-2850.77
-2771.75
-2647.75
-2608.85
-2394.89
-1937.81
-1520.84
-1328.76
-1240.02
-967.712
-558.035
-97.3012
290.494
427.863
391.393
522.684
773.11
983.418
1124.43
1063.65
886.166
647.897
571.31
583.467
483.783
252.808
-65.6941
-297.885
-408.51
-436.47
-612.74
-775.638
-753.756
-638.269
-430.391
-285.728
-229.808
-107.027
206.613
662.485
1156.04
1577.88
1927.98
2200.29
2443.42
2874.98
3434.18
3866.96
4139.27
4390.91
4672.94
4620.67
3952.05
3020.86
2449.5
2507.85
2539.46
1881.79
820.52
-187.26
-897.204
-1345.78
-1517.19
-1637.54
-2067.88
-2678.14
-3273.81
-3446.44
-3183.86
-2899.39
-2678.14
-2504.3
-2174.86
-1703.19
-1176.81
-605.446
-55.9689
536.056
1169.41
1711.6
2196.64
2545.54
2957.65
3323.56
3571.55
3784.29
3863.31
3752.69
3488.89
3182.54
2866.47
2563.77
2167.47
1693.36
1084.32
478.92
-66.9098
-496.037
-876.538
-1199.9
-1522.05
-1889.18
-2104.35
-2089.76
-1925.65
-1864.87
-1892.83
-1815.03
-1571.89
-1032.14
-471.724
-201.848
-48.6749
361.002
792.56
1170.63
1576.66
2017.94
2270.8
2228.25
2211.23
2368.05
2555.26
2499.34
2224.6
1823.44
1423.49
915.342
382.884
-4.91126
-83.929
-415.804
-1238.8
-2022.9
-2381.52
-2441.09
-2613.71
-2749.87
-2920.06
-3061.07
-3093.9
-3025.82
-2810.65
-2503.09
-2184.59
-1918.36
-1664.28
-1368.88
-1077.12
-864.381
-577.486
-134.987
189.594
297.788
325.748
365.864
452.176
602.918
692.876
680.72
583.467
443.666
221.201
29.1272
-59.6159
-125.261
-324.629
-496.037
-534.938
-592.074
-675.954
-818.186
-765.913
-570.192
-295.453
-53.5376
127.595
250.377
470.411
916.557
1468.47
1931.63
2217.31
2484.76
2912.67
3332.07
3529.01
3826.84
4303.38
4739.8
4801.8
4744.66
4488.16
3701.63
2612.4
2007
1914.61
1773.6
1316.51
390.177
-734.306
-1631.46
-2021.69
-1924.43
-1866.08
-2194.31
-2830.1
-3383.22
-3386.87
-2966.25
-2475.13
-2116.51
-1756.67
-1349.43
-891.126
-324.629
354.923
984.634
1545.05
2132.21
2682.91
3122.98
3537.52
3815.9
4014.05
4197.62
4356.87
4478.43
4268.13
3874.25
3419.6
2870.12
2447.07
2072.65
1580.31
1044.2
420.569
-240.749
-835.205
-1213.27
-1433.31
-1633.89
-1860
-2054.51
-2180.94
-2167.57
-2025.33
-1922
-1773.69
-1429.66
-877.753
-474.155
-139.849
239.436
572.526
940.87
1329.88
1898.81
2230.68
2241.62
2185.7
2193
2270.8
2301.19
2225.82
1981.47
1583.95
1073.38
546.997
-117.967
-532.507
-667.445
-959.203
-1709.26
-2600.34
-2937.08
-3027.04
-3107.27
-3112.13
-3039.19
-3064.72
-3276.25
-3197.23
-2753.51
-2171.21
-1689.81
-1450.33
-1311.74
-1057.67
-594.505
-154.437
171.359
484.999
731.777
824.167
864.284
1038.12
1112.28
1060
1017.46
994.359
912.91
683.151
416.922
154.34
-80.282
-198.201
-370.824
-531.291
-680.817
-844.931
-938.536
-944.615
-759.835
-530.075
-345.295
-152.006
20.6176
264.965
702.602
1300.71
1838.03
2185.7
2459.23
2706.01
3194.7
3745.39
4052.95
4203.7
4529.49
4899.05
4902.7
4429.81
3756.33
3009.92
2366.84
2031.32
1862.34
1438.07
621.152
-470.508
-1391.98
-1780.99
-1718.99
-1672.79
-2086.12
-2572.38
-3008.8
-3189.93
-2988.14
-2479.99
-1901.34
-1534.21
-1265.55
-957.987
-472.939
144.615
703.817
1340.82
1979.04
2498.13
2864.04
3177.68
3498.61
3735.67
3931.39
4118.6
4158.72
3990.96
3650.57
3265.21
2878.63
2492.05
2113.98
1665.4
1087.96
493.508
-100.948
-685.68
-1016.34
-1210.84
-1444.25
-1720.2
-1860
-1959.69
-2095.84
-2060.59
-1985.22
-1799.22
-1457.62
-1089.28
-807.245
-486.312
-149.575
187.163
509.312
844.833
1297.06
1586.38
1586.38
1535.33
1574.23
1662.97
1709.17
1560.86
1368.78
1061.22
618.721
213.907
-252.905
-831.558
-1261.9
-1413.86
-1619.3
-2275.76
-3085.39
-3391.73
-3362.56
-3380.79
-3441.58
-3384.44
-3422.12
-3491.42
-3237.35
-2665.99
-2114.08
-1798.01
-1649.7
-1551.23
-1240.02
-750.109
-355.021
-189.691
8.46098
171.359
200.535
222.417
407.197
601.702
497.155
312.375
326.963
235.789
93.557
-35.3027
-224.945
-421.882
-572.623
-666.229
-782.932
-861.95
-927.595
-981.084
-930.027
-747.678
-483.88
-228.592
-4.91126
162.85
444.882
906.832
1417.41
1782.11
2077.51
2399.66
2793.53
3232.39
3617.75
3915.58
4094.29
4381.18
4676.59
4649.84
4045.66
3231.17
2595.38
2137.08
1825.87
1541.41
1094.04
368.296
-616.387
-1326.33
-1441.82
-1355.51
-1552.44
-2131.1
-2597.91
-2673.28
-2498.23
-2160.27
-1790.71
-1433.31
-1259.47
-1126.96
-729.443
-20.7148
656.407
1201.02
1748.07
2218.53
2603.89
2960.08
3325.99
3581.28
3783.08
4004.33
4086.99
4001.9
3849.94
3542.38
3147.29
2744.91
2321.86
1872.06
1413.76
813.226
196.888
-227.377
-603.015
-883.832
-1143.98
-1463.7
-1650.91
-1791.93
-1878.24
-1810.16
-1692.24
-1630.25
-1466.13
-1180.45
-806.03
-442.548
-32.8714
339.12
528.762
809.579
1190.08
1554.78
1710.38
1687.28
1661.76
1767.52
1731.05
1610.7
1449.02
1170.63
781.619
230.926
-358.668
-874.106
-1019.99
-1081.98
-1581.62
-2377.88
-2898.18
-2982.06
-3097.54
-3262.87
-3203.31
-3069.58
-3137.66
-3141.31
-2800.92
-2343.84
-1931.73
-1681.3
-1563.38
-1428.45
-1041.87
-599.368
-357.452
-209.142
-9.77389
130.027
78.9691
32.7741
221.201
291.709
233.358
121.517
-6.12691
-142.281
-305.179
-392.706
-454.705
-543.448
-686.895
-886.263
-988.378
-976.222
-982.3
-927.595
-787.795
-491.174
-272.356
-147.143
76.5378
425.432
916.557
1427.13
1851.4
2137.08
2368.05
2661.03
3126.62
3736.88
4140.48
4246.24
4371.46
4770.19
5032.77
4835.84
4299.73
3535.08
2637.93
1893.95
1652.03
1611.91
1215.61
306.297
-748.894
-1434.52
-1563.38
-1526.91
-1788.28
-2306.15
-2676.93
-2628.3
-2309.8
-1892.83
-1577.97
-1472.21
-1404.13
-1112.38
-412.157
460.686
1203.45
1726.19
2051.98
2316.99
2793.53
3369.75
3829.27
4063.89
4123.46
4144.13
4213.42
4168.44
3907.08
3525.36
3053.68
2599.03
2178.41
1706.73
1137.81
613.858
15.7549
-479.018
-818.186
-1051.59
-1312.96
-1700.75
-1947.53
-1971.85
-1832.04
-1734.79
-1734.79
-1704.4
-1558.52
-1243.67
-733.09
-205.495
221.201
416.922
506.881
774.325
1119.57
1513.45
1711.6
1690.93
1656.89
1681.21
1698.23
1485.49
1166.98
812.011
364.649
-250.474
-824.265
-1041.87
-1140.34
-1496.52
-2110.43
-2741.36
-3113.35
-3294.48
-3394.16
-3338.24
-3315.15
-3367.42
-3357.7
-3106.05
-2661.12
-2346.27
-2156.63
-1999.81
-1780.99
-1426.02
-917.87
-538.585
-355.021
-323.414
-262.631
-209.142
-125.261
-23.1461
89.91
111.792
9.67664
-119.183
-302.747
-448.626
-607.877
-703.914
-780.501
-928.811
-1136.69
-1309.31
-1423.58
-1388.33
-1315.39
-1196.26
-1055.24
-897.204
-769.56
-595.721
-258.984
140.968
559.154
927.498
1301.92
1745.64
2162.61
2483.54
2877.41
3315.05
3665.16
3856.02
4084.56
4356.87
4529.49
4496.67
4000.68
3018.43
2103.04
1733.48
1676.34
1500.07
943.302
224.848
-589.643
-1319.04
-1669.15
-1684.95
-1773.69
-2115.29
-2425.29
-2435.01
-2188.23
-2016.82
-1954.83
-1840.55
-1551.23
-1029.71
-299.1
523.9
1052.71
1333.53
1559.64
1935.28
2487.19
3062.19
3577.63
3796.45
3794.02
3744.18
3778.22
3646.92
3428.11
3166.74
2905.37
2556.48
2121.27
1581.52
1016.24
544.566
13.3236
-427.96
-746.462
-967.712
-1176.81
-1478.29
-1748.16
-1874.59
-1825.97
-1705.62
-1697.11
-1629.03
-1450.33
-1100.22
-672.307
-340.433
-93.6543
134.889
365.864
612.643
887.381
1255.73
1472.11
1523.17
1469.68
1421.06
1404.04
1297.06
1062.44
786.482
472.842
29.1272
-502.115
-983.516
-1142.77
-1180.45
-1573.11
-2312.23
-2696.38
-2714.61
-2776.61
-3064.72
-3185.07
-3018.53
-2811.86
-2800.92
-2676.93
-2348.7
-2138.39
-1923.22
-1698.32
-1306.88
-961.634
-765.913
-654.072
-583.564
-494.821
-389.059
-293.022
-227.377
-109.458
47.362
72.8908
-41.381
-226.161
-318.551
-297.885
-345.295
-375.687
-390.275
-461.999
-673.523
-914.223
-820.618
-579.917
-447.411
-451.058
-404.863
-274.787
-77.8507
167.712
495.94
859.421
1126.87
1365.13
1667.83
2083.59
2352.25
2597.81
2930.9
3284.66
3516.85
3690.69
3794.02
3925.31
4067.54
3975.15
3493.75
2515.15
1596.11
1345.68
1631.36
1546.27
915.342
127.595
-515.487
-900.851
-1156.14
-1207.2
-1227.86
-1374.96
-1558.52
-1559.74
-1579.19
-1543.93
-1415.07
-1208.41
-869.244
-441.332
166.496
644.25
869.147
1017.46
1300.71
1751.71
2240.41
2603.89
2855.53
3024.51
3030.59
3001.41
3024.51
3070.7
3001.41
2887.14
2720.59
2455.58
2098.18
1635.01
1326.23
1016.24
740.287
455.823
155.556
-25.5774
-207.926
-432.823
-748.894
-897.204
-900.851
-835.205
-861.95
-937.321
-860.734
-660.151
-461.999
-350.158
-301.532
-166.594
23.0489
137.321
241.867
415.706
527.547
455.823
415.706
408.412
452.176
419.353
303.866
95.9883
-128.908
-334.354
-482.665
-735.522
-916.655
-1002.97
-1040.65
-1133.04
-1429.66
-1729.93
-1846.63
-1774.91
-1714.13
-1715.34
-1774.91
-1722.64
-1588.91
-1489.23
-1411.43
-1349.43
-1269.2
-1248.53
-1117.24
-995.672
-897.204
-854.656
-855.872
-927.595
-1007.83
-977.437
-961.634
-910.576
-938.536
-960.418
-1032.14
-1092.92
-1142.77
-1094.14
-1021.2
-994.457
-985.947
-977.437
-895.988
-773.207
-666.229
-541.016
-432.823
-299.1
-178.75
-30.4401
71.6752
149.477
284.415
405.981
529.978
621.152
756.09
836.324
878.872
939.655
1008.95
1027.18
967.615
980.987
1068.51
1177.92
1232.63
1174.28
1141.45
1103.77
943.302
698.955
554.291
850.912
1209.53
1311.65
1129.3
881.303
872.794
1141.45
1410.11
1417.41
1218.04
966.399
990.712
1224.12
1368.78
1292.2
976.124
656.407
582.251
600.486
697.739
689.229
516.606
289.278
43.715
-81.4977
-52.3219
-62.0472
-204.279
-389.059
-556.82
-616.387
-555.604
-541.016
-553.173
-622.465
-722.149
-651.641
-496.037
-381.765
-258.984
-209.142
-109.458
41.2837
139.752
260.102
351.276
442.451
604.133
814.442
858.206
849.696
832.677
771.894
750.012
824.167
891.028
805.932
615.074
363.433
194.457
110.576
6.02966
-234.671
-487.527
-637.053
-753.756
-824.265
-956.771
-1157.35
-1384.68
-1551.23
-1585.27
-1588.91
-1629.03
-1641.19
-1570.68
-1483.15
-1519.62
-1727.5
-1700.75
-1441.82
-1204.77
-1126.96
-1269.2
-1373.74
-1205.98
-943.399
-810.892
-818.186
-1028.5
-1165.86
-1107.51
-1010.26
-1015.12
-1159.79
-1298.37
-1311.74
-1381.04
-1390.76
-1491.66
-1586.48
-1597.42
-1511.11
-1455.19
-1421.15
-1385.9
-1331.19
-1225.43
-1184.1
-1111.16
-1069.83
-917.87
-824.265
-725.796
-486.312
-302.747
-203.063
-182.397
-119.183
106.929
364.649
509.312
601.702
589.545
646.681
769.463
887.381
968.831
960.321
971.262
1049.06
1136.59
1194.94
1188.86
1241.14
1362.7
1462.39
1551.13
1610.7
1579.09
1397.96
1293.41
1413.76
1751.71
1915.83
1762.65
1536.54
1555.99
1790.62
1900.02
1754.15
1370
1103.77
1182.79
1401.6
1506.15
1270.31
874.009
545.782
316.022
243.083
286.847
250.377
75.3221
-181.182
-403.647
-526.428
-564.114
-565.329
-637.053
-719.718
-812.108
-782.932
-665.013
-544.663
-562.898
-649.21
-673.523
-533.722
-372.04
-218.867
-70.5568
55.8716
162.85
215.123
240.652
281.984
379.237
559.154
674.641
724.483
730.562
694.092
724.483
630.878
604.133
658.838
703.817
652.76
452.176
258.886
156.771
105.714
-7.34257
-194.554
-403.647
-609.093
-641.916
-695.405
-737.953
-876.538
-1094.14
-1185.31
-1291.08
-1390.76
-1462.48
-1480.72
-1435.74
-1364.02
-1405.35
-1519.62
-1597.42
-1559.74
-1367.66
-1218.14
-1286.21
-1377.39
-1428.45
-1260.69
-1056.46
-973.79
-1163.43
-1390.76
-1409
-1331.19
-1171.94
-1214.49
-1316.61
-1410.21
-1429.66
-1396.84
-1356.72
-1340.92
-1353.08
-1277.7
-1191.39
-1117.24
-1086.85
-1078.34
-1032.14
-960.418
-877.753
-804.814
-808.461
-774.423
-678.386
-514.272
-335.57
-262.631
-283.297
-251.69
-137.418
49.7933
221.201
251.593
239.436
262.533
300.219
453.392
576.173
624.799
708.68
849.696
893.46
893.46
967.615
1181.57
1459.96
1605.84
1698.23
1768.73
1852.61
1859.91
1711.6
1671.48
1931.63
2281.74
2251.35
1948.65
1670.27
1662.97
1857.48
1886.65
1605.84
1175.49
891.028
906.832
1050.28
960.321
623.584
105.714
-313.688
-499.684
-523.997
-515.487
-604.23
-789.01
-1013.91
-1169.51
-1236.37
-1152.49
-1075.91
-1079.55
-1118.45
-1095.36
-921.517
-728.228
-632.191
-605.446
-628.544
-539.801
-362.315
-238.318
-100.948
-66.9098
-23.1461
29.1272
91.1257
83.8318
15.7549
6.02966
16.9706
64.3812
59.5186
7.24532
-108.242
-244.396
-392.706
-432.823
-355.021
-330.708
-441.332
-626.112
-793.873
-812.108
-841.284
-928.811
-1130.61
-1303.23
-1361.59
-1353.08
-1303.23
-1252.18
-1278.92
-1362.8
-1461.27
-1466.13
-1427.23
-1449.11
-1337.27
-1261.9
-1267.98
-1379.82
-1556.09
-1569.46
-1488.01
-1389.55
-1463.7
-1654.56
-1745.73
-1708.05
-1513.54
-1540.29
-1738.44
-1977.92
-2049.65
-1963.34
-1825.97
-1783.42
-1879.46
-1942.67
-1879.46
-1746.95
-1665.5
-1629.03
-1564.6
-1475.86
-1287.43
-1078.34
-927.595
-885.047
-865.597
-786.579
-654.072
-492.39
-421.882
-323.414
-305.179
-290.591
-192.123
-143.496
-205.495
-255.337
-206.71
-117.967
-47.4593
20.6176
-13.4209
-4.91126
40.0681
99.6353
209.044
246.73
408.412
548.213
689.229
763.384
804.717
962.752
1211.96
1558.42
1813.71
1966.89
2087.24
2146.8
2116.41
2071.43
2160.18
2425.19
2652.52
2517.58
2169.9
1936.49
1931.63
2107.9
2093.31
1670.27
1157.26
856.99
893.46
1063.65
944.517
523.9
-94.8699
-460.783
-584.78
-559.251
-515.487
-647.994
-838.852
-981.084
-967.712
-982.3
-961.634
-902.067
-848.578
-724.581
-583.564
-453.489
-278.434
-182.397
-181.182
-138.634
-74.2037
36.4211
134.889
140.968
200.535
178.653
200.535
238.22
213.907
85.0474
6.02966
-38.9497
-13.4209
114.223
77.7535
-80.282
-279.65
-460.783
-475.371
-369.609
-335.57
-461.999
-627.328
-712.424
-713.64
-662.582
-720.934
-864.381
-955.556
-940.968
-878.969
-823.049
-880.185
-976.222
-1100.22
-1199.9
-1289.86
-1304.45
-1295.94
-1209.63
-1224.22
-1337.27
-1466.13
-1551.23
-1598.64
-1721.42
-1763.97
-1815.03
-1917.14
-1924.43
-1849.06
-1849.06
-1901.34
-1929.3
-2015.61
-2016.82
-1867.3
-1821.1
-1727.5
-1613.23
-1495.31
-1383.47
-1272.84
-1195.04
-1080.77
-930.027
-737.953
-509.409
-400
-312.473
-286.944
-276.003
-199.416
-125.261
-64.4785
-82.7133
-110.673
-90.0073
-58.4002
-42.5966
-40.1653
-131.34
-190.907
-138.634
-60.8315
12.108
27.9115
87.4787
149.477
241.867
334.257
412.059
500.802
649.113
855.774
1019.89
1176.71
1345.68
1619.21
1827.08
1989.98
2217.31
2440.99
2554.05
2498.13
2278.09
2168.68
2359.54
2682.91
2699.93
2330.37
1844.1
1669.05
1892.73
2113.98
1914.61
1298.27
674.641
465.548
664.916
848.48
655.191
111.792
-451.058
-742.815
-641.916
-503.331
-477.802
-684.464
-872.891
-947.046
-887.479
-730.659
-709.993
-723.365
-714.855
-634.622
-472.939
-331.923
-232.239
-282.081
-351.374
-356.236
-324.629
-268.709
-204.279
-147.143
-162.947
-198.201
-184.829
-177.535
-183.613
-256.552
-301.532
-379.334
-380.549
-277.219
-248.043
-305.179
-502.115
-626.112
-617.603
-475.371
-418.235
-509.409
-638.269
-707.561
-662.582
-622.465
-655.288
-780.501
-847.362
-889.91
-877.753
-832.774
-948.262
-1129.39
-1340.92
-1457.62
-1523.27
-1537.86
-1541.5
-1715.34
-1953.61
-2112.86
-2197.96
-2168.78
-2202.82
-2365.72
-2557.79
-2720.69
-2690.3
-2583.32
-2464.19
-2424.07
-2527.4
-2661.12
-2556.58
-2311.01
-2073.96
-1889.18
-1799.22
-1762.75
-1630.25
-1468.56
-1257.04
-1088.06
-1028.5
-900.851
-736.737
-525.213
-397.569
-308.826
-307.61
-299.1
-239.533
-167.809
-111.889
-170.241
-256.552
-285.728
-211.573
-184.829
-203.063
-294.238
-318.551
-295.453
-212.789
-110.673
-8.55823
117.87
199.319
255.239
333.042
483.783
649.113
836.324
982.203
1153.61
1362.7
1609.48
1841.67
2016.73
2145.59
2342.52
2507.85
2490.83
2334.01
2167.47
2236.76
2506.64
2681.69
2425.19
1997.28
1676.34
1673.91
1875.71
1861.12
1384.59
784.051
446.098
413.275
542.135
481.352
110.576
-441.332
-756.188
-829.127
-748.894
-727.012
-770.776
-849.793
-855.872
-799.951
-782.932
-815.755
-852.225
-821.833
-683.248
-500.9
-414.588
-329.492
-336.786
-350.158
-367.177
-346.511
-346.511
-313.688
-212.789
-178.75
-283.297
-385.412
-396.353
-316.12
-223.73
-254.121
-398.784
-502.115
-425.529
-340.433
-340.433
-415.804
-440.117
-533.722
-468.077
-333.139
-323.414
-380.549
-427.96
-351.374
-291.806
-300.316
-446.195
-528.86
-581.133
-572.623
-525.213
-607.877
-859.519
-1163.43
-1354.29
-1377.39
-1322.68
-1374.96
-1603.5
-1895.26
-2120.16
-2187.02
-2129.88
-2137.17
-2261.17
-2475.13
-2589.4
-2556.58
-2428.93
-2285.49
-2267.25
-2281.84
-2297.64
-2267.25
-2112.86
-1948.75
-1739.65
-1587.7
-1458.84
-1316.61
-1145.2
-953.124
-858.303
-807.245
-677.17
-509.409
-381.765
-248.043
-200.632
-269.925
-333.139
-363.53
-324.629
-233.455
-212.789
-271.14
-348.942
-398.784
-387.843
-330.708
-249.258
-266.278
-285.728
-159.3
1.16703
164.065
284.415
412.059
514.175
633.309
785.266
1017.46
1239.92
1447.8
1602.19
1760.22
2015.51
2231.9
2421.54
2600.24
2675.61
2659.81
2535.81
2378.99
2297.54
2445.85
2673.18
2602.67
2269.58
1828.3
1639.87
1681.21
1682.42
1433.21
946.949
494.724
264.965
275.906
340.336
170.143
-183.613
-570.192
-779.285
-758.619
-654.072
-633.406
-685.68
-748.894
-735.522
-658.935
-579.917
-600.584
-606.662
-626.112
-545.879
-323.414
-198.201
-186.044
-198.201
-300.316
-404.863
-444.979
-455.92
-417.019
-384.196
-369.609
-449.842
-528.86
-551.957
-542.232
-475.371
-488.743
-564.114
-632.191
-635.838
-570.192
-508.194
-497.253
-492.39
-437.685
-376.903
-364.746
-469.292
-523.997
-425.529
-323.414
-269.925
-327.061
-494.821
-630.975
-736.737
-750.109
-737.953
-885.047
-1175.59
-1477.07
-1683.73
-1699.54
-1612.01
-1686.17
-2013.18
-2359.64
-2482.42
-2439.87
-2319.52
-2387.6
-2588.18
-2787.55
-2843.47
-2676.93
-2466.62
-2388.82
-2472.7
-2529.83
-2478.77
-2286.7
-2077.61
-1868.51
-1776.12
-1674.01
-1512.33
-1364.02
-1193.82
-1079.55
-983.516
-928.811
-852.225
-823.049
-774.423
-697.836
-733.09
-757.403
-729.443
-654.072
-575.055
-480.233
-470.508
-513.056
-544.663
-568.976
-538.585
-538.585
-635.838
-638.269
-673.523
-610.309
-475.371
-316.12
-170.241
-82.7133
88.6944
280.768
512.959
719.621
802.285
920.204
1122
1383.37
1580.31
1763.87
1981.47
2123.71
2245.27
2220.96
2050.77
1855.04
1868.42
2081.16
2287.82
2273.23
1909.75
1457.52
1173.06
1146.32
1092.83
894.675
525.115
171.359
-31.6557
-37.734
-9.77389
-223.73
-561.682
-858.303
-983.516
-920.301
-799.951
-798.736
-876.538
-928.811
-870.46
-697.836
-610.309
-649.21
-713.64
-709.993
-622.465
-472.939
-313.688
-220.083
-142.281
-220.083
-325.845
-395.137
-423.097
-390.275
-347.727
-318.551
-357.452
-460.783
-553.173
-628.544
-669.876
-685.68
-736.737
-823.049
-860.734
-831.558
-796.304
-807.245
-797.52
-779.285
-761.05
-775.638
-870.46
-881.4
-898.42
-854.656
-813.324
-864.381
-944.615
-1027.28
-1103.87
-1126.96
-1223
-1423.58
-1607.15
-1756.67
-1757.89
-1701.97
-1740.87
-1902.55
-2144.47
-2276.98
-2317.09
-2250.23
-2234.43
-2290.35
-2332.9
-2320.74
-2247.8
-2170
-2117.72
-2145.68
-2166.35
-2122.59
-2026.55
-1904.98
-1794.36
-1766.4
-1632.68
-1536.64
-1477.07
-1418.72
-1355.51
-1297.16
-1198.69
-1060.1
-1041.87
-975.006
-925.164
-871.675
-835.205
-837.637
-878.969
-906.929
-848.578
-787.795
-750.109
-673.523
-638.269
-647.994
-543.448
-417.019
-338.001
-251.69
-109.458
30.3428
178.653
328.179
442.451
646.681
759.737
877.656
1013.81
1114.71
1227.77
1402.82
1590.03
1763.87
1931.63
2115.2
2233.11
2263.51
2169.9
1945
1727.4
1671.48
1824.65
1966.89
1927.98
1608.27
1261.8
1072.16
985.85
895.891
681.935
348.845
25.4802
-137.418
-105.811
-45.028
-160.515
-369.609
-691.758
-842.499
-797.52
-750.109
-731.875
-781.717
-821.833
-820.618
-673.523
-578.702
-533.722
-620.034
-655.288
-620.034
-514.272
-340.433
-261.415
-181.182
-201.848
-274.787
-348.942
-418.235
-469.292
-469.292
-446.195
-440.117
-413.372
-403.647
-398.784
-418.235
-476.586
-547.095
-590.858
-621.25
-616.387
-547.095
-514.272
-492.39
-475.371
-493.606
-502.115
-572.623
-641.916
-647.994
-656.504
-645.563
-719.718
-797.52
-880.185
-983.516
-1054.02
-1186.53
-1367.66
-1593.78
-1784.63
-1886.75
-1856.36
-1806.52
-1949.96
-2106.78
-2224.7
-2273.33
-2290.35
-2340.19
-2363.29
-2376.66
-2256.31
-2168.78
-2110.43
-2056.94
-2081.25
-2094.63
-2058.16
-1957.26
-1902.55
-1801.65
-1766.4
-1661.85
-1580.4
-1562.17
-1546.37
-1577.97
-1537.86
-1433.31
-1381.04
-1336.06
-1317.82
-1270.41
-1163.43
-1175.59
-1124.53
-1207.2
-1235.16
-1229.08
-1223
-1102.65
-930.027
-851.009
-753.756
-672.307
-543.448
-404.863
-307.61
-203.063
-85.1447
54.656
216.338
359.786
515.39
672.21
790.129
926.283
979.771
1074.59
1228.98
1395.53
1523.17
1642.3
1737.13
1879.36
1913.4
1893.95
1679.99
1396.74
1258.16
1301.92
1406.47
1334.74
1051.5
787.698
632.093
556.723
484.999
237.005
-149.575
-556.82
-669.876
-639.485
-536.154
-543.448
-780.501
-1043.08
-1226.65
-1246.1
-1198.69
-1265.55
-1353.08
-1295.94
-1156.14
-1011.48
-837.637
-802.383
-878.969
-979.869
-1045.51
-979.869
-871.675
-747.678
-656.504
-607.877
-587.211
-638.269
-654.072
-718.502
-781.717
-797.52
-826.696
-802.383
-778.07
-714.855
-643.132
-620.034
-686.895
-767.129
-846.146
-872.891
-833.99
-795.089
-753.756
-700.267
-657.719
-630.975
-650.425
-717.287
-816.971
-894.773
-1012.69
-1069.83
-1057.67
-1095.36
-1106.3
-1151.28
-1299.59
-1515.97
-1700.75
-1796.79
-1868.51
-1948.75
-2044.78
-2142.04
-2193.1
-2187.02
-2270.9
-2307.37
-2443.52
-2563.87
-2510.38
-2438.66
-2343.84
-2332.9
-2286.7
-2268.47
-2163.92
-2027.77
-2016.82
-2003.45
-2028.98
-2022.9
-1958.47
-1813.81
-1695.89
-1625.38
-1576.76
-1531.78
-1453.98
-1371.31
-1351.86
-1297.16
-1277.7
-1237.59
-1078.34
-1005.4
-913.008
-908.145
-947.046
-977.437
-949.477
-807.245
-678.386
-596.937
-497.253
-415.804
-311.257
-154.437
-12.2052
111.792
232.142
311.16
409.628
525.115
668.563
830.246
921.42
1085.53
1250.86
1363.92
1507.37
1622.85
1710.38
1797.91
1869.63
1921.91
1867.2
1660.54
1481.84
1436.86
1487.92
1487.92
1253.29
970.046
771.894
717.189
684.367
564.017
289.278
-143.496
-443.764
-526.428
-482.665
-440.117
-581.133
-787.795
-942.183
-999.319
-990.81
-983.516
-1128.18
-1255.82
-1321.47
-1266.76
-1073.47
-934.889
-853.44
-816.971
-852.225
-905.714
-886.263
-859.519
-840.068
-773.207
-673.523
-617.603
-584.78
-594.505
-654.072
-691.758
-754.972
-779.285
-829.127
-837.637
-762.266
-678.386
-599.368
-615.171
-675.954
-759.835
-815.755
-838.852
-774.423
-713.64
-694.189
-673.523
-744.031
-706.346
-685.68
-668.66
-757.403
-875.322
-984.731
-1102.65
-1156.14
-1165.86
-1159.79
-1250.96
-1429.66
-1665.5
-1773.69
-1794.36
-1745.73
-1841.77
-2033.84
-2204.04
-2244.15
-2137.17
-2129.88
-2204.04
-2345.05
-2400.97
-2414.34
-2325.6
-2251.45
-2291.56
-2298.86
-2302.5
-2218.62
-2088.55
-2052.08
-2084.9
-2154.19
-2128.67
-2026.55
-1930.51
-1952.39
-2134.74
-2313.45
-2321.95
-2052.08
-1697.11
-1419.94
-1329.98
-1295.94
-1267.98
-1186.53
-1128.18
-1049.16
-875.322
-712.424
-553.173
-434.038
-370.824
-316.12
-116.752
125.164
320.885
371.943
373.158
515.39
730.562
982.203
1143.89
1237.49
1304.35
1442.94
1632.58
1777.24
1914.61
2123.71
2372.92
2567.42
2724.24
2662.24
2332.8
1746.85
1281.25
1122
1205.88
1139.02
841.186
402.334
113.008
130.027
-36.5184
-442.548
-1009.04
-1616.87
-1937.81
-1988.86
-1975.49
-2005.88
-2063.02
-2015.61
-1926.87
-1915.93
-1953.61
-2080.04
-2150.55
-2082.47
-1920.79
-1653.34
-1376.17
-1019.99
-660.151
-393.922
-233.455
-204.279
-122.83
-25.5774
58.3029
143.399
193.241
258.886
382.884
433.941
402.334
241.867
54.656
-241.965
-476.586
-629.759
-750.109
-797.52
-893.557
-971.359
-1063.75
-1193.82
-1405.35
-1669.15
-1863.65
-1968.2
-2031.41
-2087.33
-2174.86
-2177.29
-2126.23
-2046
-2080.04
-2156.63
-2204.04
-2232
-2187.02
-2199.17
-2196.74
-2218.62
-2318.31
-2342.62
-2264.82
-2219.84
-2221.06
-2340.19
-2448.38
-2447.17
-2443.52
-2413.13
-2498.23
-2532.26
-2555.36
-2554.15
-2574.81
-2644.1
-2696.38
-2696.38
-2635.59
-2621.01
-2630.73
-2663.55
-2631.95
-2612.5
-2582.11
-2490.93
-2331.68
-2201.6
-2146.9
-2098.27
-2020.47
-1878.24
-1653.34
-1483.15
-1383.47
-1316.61
-1159.79
-1043.08
-861.95
-731.875
-702.699
-570.192
-472.939
-369.609
-268.709
-107.027
48.5777
209.044
314.807
392.609
596.839
746.365
856.99
970.046
1114.71
1372.43
1627.72
1805.2
1915.83
2043.47
2281.74
2545.54
2754.63
2889.57
2799.61
2485.97
2017.94
1679.99
1581.52
1470.9
1146.32
746.365
416.922
302.65
211.476
-145.928
-598.152
-1032.14
-1415.07
-1810.16
-2117.72
-2325.6
-2359.64
-2337.76
-2301.29
-2246.58
-2156.63
-2052.08
-1906.2
-1922
-1884.32
-1778.56
-1575.54
-1232.73
-836.421
-469.292
-193.338
159.203
472.842
668.563
791.345
848.48
844.833
878.872
872.794
886.166
878.872
906.832
923.851
867.931
635.74
410.844
160.418
-122.83
-387.843
-617.603
-827.912
-976.222
-1080.77
-1224.22
-1405.35
-1569.46
-1643.62
-1757.89
-1842.99
-2007.1
-2052.08
-2025.33
-2010.75
-2046
-2061.8
-1932.94
-1861.22
-1810.16
-1807.73
-1863.65
-1956.04
-2150.55
-2238.07
-2138.39
-2046
-2043.57
-2140.82
-2144.47
-2060.59
-2050.86
-2167.57
-2324.39
-2505.52
-2579.67
-2695.16
-2774.18
-2742.57
-2727.98
-2748.65
-2681.79
-2606.42
-2656.26
-2691.51
-2702.46
-2774.18
-2746.22
-2674.5
-2569.95
-2537.13
-2352.35
-2143.25
-1963.34
-1782.2
-1669.15
-1495.31
-1381.04
-1282.57
-1179.24
-1137.9
